9.700000300e+01 4.002769151e-05 2.543549015e-07 4.018696138e-07 4.756002548e-07 1.006515622e+00 3.410415280e+01
9.699999700e+01 -4.002769151e-05 4.105755593e-07 -1.559238029e-06 1.612388142e-06 -1.313322810e+00 3.415333160e+01
9.700000400e+01 5.337025529e-05 -4.666475580e-07 -7.251368391e-07 8.623128079e-07 9.989826498e-01 3.420264850e+01
9.700018600e+01 2.481716868e-03 3.379822343e-07 -2.418708022e-07 4.156121698e-07 -6.211401820e-01 3.430263260e+01
9.700040000e+01 5.337025523e-03 -2.748037085e-08 9.590195449e-07 9.594131844e-07 -1.542149514e+00 3.435347310e+01
9.700107300e+01 1.431657097e-02 2.406971757e-07 6.540865600e-07 6.969679752e-07 1.218185714e+00 3.440391490e+01
9.700319200e+01 4.258946367e-02 -6.406315352e-07 -2.879972611e-08 6.412785574e-07 4.492496369e-02 3.445374190e+01
9.700422500e+01 5.637233209e-02 -3.646571988e-07 -1.121296043e-07 3.815074322e-07 2.983170223e-01 3.450446200e+01
9.700462800e+01 6.174938530e-02 -5.514251288e-07 -4.007541589e-08 5.528794729e-07 7.254852857e-02 3.455613990e+01
9.700526900e+01 7.030196870e-02 1.150801625e-07 -2.965089016e-07 3.180581276e-07 -1.200575651e+00 3.460574430e+01
9.700616300e+01 8.223022075e-02 -9.953174068e-07 1.392717405e-07 1.005014108e-06 -1.390243063e-01 3.465483120e+01
9.700698300e+01 9.317112307e-02 -3.087891005e-09 -1.353034797e-07 1.353387110e-07 1.547978325e+00 3.470388020e+01
9.700764800e+01 1.020439280e-01 -8.251367709e-08 -1.094972507e-06 1.098077091e-06 1.495581636e+00 3.475691550e+01
9.700843600e+01 1.125578683e-01 8.526615201e-07 3.283011653e-07 9.136811933e-07 3.675358887e-01 3.480631860e+01
9.700919700e+01 1.227115593e-01 5.251921483e-07 -5.522155425e-07 7.620818841e-07 -8.104747706e-01 3.485538760e+01
9.700994700e+01 1.327184822e-01 2.469119387e-07 -8.005349934e-07 8.377480415e-07 -1.271620300e+00 3.490609360e+01
9.701068100e+01 1.425119240e-01 4.239274345e-07 -3.227106973e-07 5.327820041e-07 -6.506562484e-01 3.495588580e+01
9.701145100e+01 1.527856982e-01 -1.014086435e-07 1.162717801e-07 1.542816899e-07 -8.535719705e-01 3.500647590e+01
9.701218900e+01 1.626325103e-01 -2.896584493e-10 -1.126201646e-07 1.126205371e-07 1.568224338e+00 3.505766790e+01
9.701293800e+01 1.726260905e-01 1.019521579e-06 3.143118016e-07 1.066872138e-06 2.990479696e-01 3.510657050e+01
9.701368400e+01 1.825796431e-01 5.791255921e-07 3.659693576e-07 6.850693556e-07 5.635702845e-01 3.515607400e+01
9.701444400e+01 1.927199916e-01 -3.653444629e-07 3.199994222e-07 4.856708832e-07 -7.193305344e-01 3.520742910e+01
9.701517200e+01 2.024333781e-01 -1.045643014e-06 5.902003800e-07 1.200710540e-06 -5.138602343e-01 3.525715680e+01
9.701595900e+01 2.129339758e-01 2.794514373e-07 -1.381080092e-06 1.409068957e-06 -1.371149215e+00 3.530915930e+01
9.701672900e+01 2.232077499e-01 5.762002216e-07 1.259500905e-06 1.385044846e-06 1.141737009e+00 3.535673850e+01
9.701743500e+01 2.326276000e-01 5.030947469e-07 3.453340417e-07 6.102130158e-07 6.015532637e-01 3.540762310e+01
9.701818700e+01 2.426612080e-01 -2.694405294e-07 -1.254222285e-06 1.282837378e-06 1.359185743e+00 3.545797660e+01
9.701896300e+01 2.530150375e-01 -1.954504870e-07 -5.792461331e-07 6.113321320e-07 1.245370345e+00 3.550799390e+01
9.701970400e+01 2.629018773e-01 -2.213038529e-07 -1.832584450e-07 2.873309120e-07 6.916330115e-01 3.555861750e+01
9.702049800e+01 2.734958729e-01 2.028838544e-07 -1.054286590e-06 1.073630324e-06 -1.380683249e+00 3.560916000e+01
9.702122900e+01 2.832492871e-01 4.217900790e-07 -3.040556137e-07 5.199583512e-07 -6.245954752e-01 3.565842560e+01
9.702196000e+01 2.930027012e-01 8.574076008e-07 9.608780367e-07 1.287802157e-06 8.422423484e-01 3.570901280e+01
9.702273800e+01 3.033832159e-01 6.821942243e-07 2.861693543e-07 7.397850087e-07 3.971890256e-01 3.575814030e+01
9.702346700e+01 3.131099449e-01 -3.630703742e-07 4.340025110e-07 5.658429784e-07 -8.741551355e-01 3.581073790e+01
9.702425400e+01 3.236105426e-01 -1.179500600e-06 6.618725551e-08 1.181356177e-06 -5.605585547e-02 3.586024330e+01
9.702500900e+01 3.336841783e-01 -6.864605395e-08 4.079386479e-08 7.985248980e-08 -5.361910296e-01 3.591053570e+01
9.702575300e+01 3.436110457e-01 7.667565003e-07 -1.944243884e-07 7.910223597e-07 -2.483333094e-01 3.596130590e+01
9.702652000e+01 3.538447922e-01 6.553117613e-08 4.466425341e-07 4.514242885e-07 1.425116211e+00 3.600982330e+01
9.702723700e+01 3.634114104e-01 1.164051550e-06 -4.121821742e-07 1.234872526e-06 -3.403162281e-01 3.606075060e+01
9.702801900e+01 3.738452953e-01 5.842416919e-07 -6.465062644e-07 8.713832133e-07 -8.359459079e-01 3.611170810e+01
9.702875800e+01 3.837054500e-01 -4.020621197e-07 -7.030700227e-07 8.099144430e-07 1.051320223e+00 3.616098420e+01
9.702952800e+01 3.939792241e-01 -5.872618160e-07 4.238446750e-07 7.242380472e-07 -6.251617047e-01 3.621240720e+01
9.703028500e+01 4.040795449e-01 3.613318238e-07 3.887456272e-07 5.307389656e-07 8.219298670e-01 3.626185320e+01
9.703101100e+01 4.137662462e-01 4.964128123e-07 -1.481986181e-06 1.562916735e-06 -1.247578410e+00 3.631171200e+01
9.703178300e+01 4.240667055e-01 -1.667053342e-07 1.139775413e-06 1.151902192e-06 -1.425564541e+00 3.636208540e+01
9.703249200e+01 4.335265832e-01 -3.153343020e-07 -9.453000494e-08 3.291984870e-07 2.912522934e-01 3.641236320e+01
9.703326100e+01 4.437870148e-01 6.629250408e-07 -1.101134496e-06 1.285288601e-06 -1.028879490e+00 3.646149060e+01
9.703400100e+01 4.536605120e-01 1.149470275e-07 3.990353988e-07 4.152614461e-07 1.290327274e+00 3.651245000e+01
9.703474700e+01 4.636140646e-01 -2.242676046e-07 -4.034144588e-07 4.615616796e-07 1.063416651e+00 3.656296610e+01
9.703554600e+01 4.742747731e-01 -7.958356898e-07 -1.538338243e-07 8.105672648e-07 1.909435590e-01 3.661298150e+01
9.703624200e+01 4.835611975e-01 1.622854941e-07 7.673562072e-07 7.843290957e-07 1.362380825e+00 3.666378120e+01
9.703704200e+01 4.942352486e-01 -1.202772227e-08 -6.784418580e-07 6.785484661e-07 1.553069734e+00 3.671393420e+01
9.703779700e+01 5.043088842e-01 1.050560610e-07 -9.646903737e-07 9.703938855e-07 -1.462322468e+00 3.676515570e+01
9.703856300e+01 5.145292881e-01 9.168223659e-07 -6.808418852e-07 1.141975886e-06 -6.387550088e-01 3.681294400e+01
9.703931600e+01 5.245762387e-01 -4.113197956e-07 3.314904068e-07 5.282706353e-07 -6.783396357e-01 3.686371550e+01
9.704002000e+01 5.339694036e-01 3.582361366e-07 -2.874701187e-07 4.593171004e-07 -6.762390558e-01 3.691523730e+01
9.704082400e+01 5.446968249e-01 9.513325014e-07 7.950890547e-07 1.239838753e-06 6.961708055e-01 3.696503980e+01
9.704157700e+01 5.547437754e-01 3.981814161e-08 1.019945571e-07 1.094914339e-07 1.198597647e+00 3.701443280e+01
9.704227900e+01 5.641102552e-01 1.363973451e-08 -5.970070537e-07 5.971628459e-07 -1.547953444e+00 3.706576650e+01
9.704306100e+01 5.745441401e-01 4.097317717e-08 3.282891712e-07 3.308361848e-07 1.446630196e+00 3.711395160e+01
9.704379600e+01 5.843509245e-01 -3.172809507e-07 -1.112450366e-07 3.362181730e-07 3.372270222e-01 3.716508040e+01
9.704458000e+01 5.948114946e-01 7.305935725e-07 -5.419755466e-07 9.096727220e-07 -6.382511678e-01 3.721492700e+01
9.704530600e+01 6.044981959e-01 8.760177064e-07 6.326680269e-07 1.080590512e-06 6.254764669e-01 3.726611490e+01
9.704605200e+01 6.144517485e-01 -2.633882870e-07 6.684687317e-07 7.184871850e-07 -1.195458011e+00 3.731496460e+01
9.704680200e+01 6.244586713e-01 4.735639781e-07 -1.150324858e-06 1.243989598e-06 -1.180263019e+00 3.736750600e+01
9.704760500e+01 6.351727501e-01 7.860922513e-07 9.728685771e-08 7.920894900e-07 1.231339868e-01 3.741724760e+01
9.704831300e+01 6.446192853e-01 6.892875579e-07 5.574935632e-08 6.915383780e-07 8.070400908e-02 3.746673520e+01
9.704910000e+01 6.551198830e-01 -1.965065709e-07 5.498065197e-07 5.838681714e-07 -1.227535124e+00 3.751641780e+01
9.704983000e+01 6.648599545e-01 -9.460436860e-08 -8.208248781e-07 8.262587168e-07 1.456047398e+00 3.756681880e+01
9.705059000e+01 6.750003030e-01 4.575853865e-07 2.370359649e-07 5.153352643e-07 4.779553003e-01 3.761865160e+01
9.705133800e+01 6.849805408e-01 -3.849578782e-08 2.700774182e-07 2.728071434e-07 -1.429213887e+00 3.766697390e+01
9.705209400e+01 6.950675190e-01 -9.120606928e-07 5.540716355e-07 1.067169192e-06 -5.459117709e-01 3.771766250e+01
9.705282100e+01 7.047675629e-01 -2.239863420e-07 -1.200474750e-06 1.221191839e-06 1.386335860e+00 3.776813820e+01
9.705358400e+01 7.149479391e-01 -1.179052619e-06 9.374228988e-07 1.506295711e-06 -6.717242466e-01 3.781819450e+01
9.705435700e+01 7.252617409e-01 -1.591725953e-06 2.852643966e-07 1.617086048e-06 -1.773344361e-01 3.786847850e+01
9.705509900e+01 7.351619233e-01 8.132385854e-08 4.007625548e-07 4.089305507e-07 1.370591971e+00 3.791895330e+01
9.705583300e+01 7.449553651e-01 9.755804519e-07 -3.575674634e-07 1.039043651e-06 -3.513134391e-01 3.796876260e+01
9.705661900e+01 7.554426202e-01 3.411588820e-07 9.512911217e-08 3.541735884e-07 2.719337168e-01 3.801902770e+01
9.705735600e+01 7.652760898e-01 -5.109353154e-07 4.432655843e-07 6.764164950e-07 -7.145989974e-01 3.806956640e+01
9.705812700e+01 7.755632065e-01 -4.972434064e-07 -1.118417450e-07 5.096661467e-07 2.212416612e-01 3.811988730e+01
9.705884600e+01 7.851565098e-01 -4.423462336e-07 -1.897298825e-07 4.813186249e-07 4.051838184e-01 3.817075890e+01
9.705961800e+01 7.954569691e-01 -6.269330294e-07 -6.984672720e-07 9.385635585e-07 8.393176509e-01 3.821991210e+01
9.706038400e+01 8.056773730e-01 -3.423966771e-08 2.282508580e-07 2.308046989e-07 -1.421897643e+00 3.826990120e+01
9.706112800e+01 8.156042405e-01 1.545888553e-07 9.801766059e-07 9.922922416e-07 1.414369519e+00 3.832088780e+01
9.706189600e+01 8.258513295e-01 7.042742342e-07 2.776355247e-07 7.570229069e-07 3.755094521e-01 3.837142010e+01
9.706266900e+01 8.361651313e-01 -1.075274533e-07 -6.285762264e-07 6.377070061e-07 1.401371172e+00 3.841943630e+01
9.706334100e+01 8.451313342e-01 -4.787190589e-07 -4.647212993e-07 6.671864982e-07 7.705623209e-01 3.847198320e+01
9.706414600e+01 8.558720980e-01 -1.460490285e-07 1.596863642e-07 2.164025269e-07 -8.299736443e-01 3.852089460e+01
9.706487100e+01 8.655454568e-01 -3.918455124e-07 -2.927883198e-07 4.891501873e-07 6.417089147e-01 3.857204220e+01
9.706567800e+01 8.763129058e-01 -1.059508238e-07 -4.359623533e-07 4.486521487e-07 1.332390743e+00 3.862198880e+01
9.706640200e+01 8.859729220e-01 -7.473140015e-07 -1.831936766e-07 7.694401471e-07 2.403957084e-01 3.867216780e+01
9.706714300e+01 8.958597618e-01 7.943328243e-07 9.747564546e-07 1.257423867e-06 8.870334857e-01 3.872246260e+01
9.706790600e+01 9.060401379e-01 5.432895045e-07 4.590114896e-07 7.112348650e-07 7.015109552e-01 3.877129070e+01
9.706865900e+01 9.160870885e-01 -5.862141280e-07 -2.057630474e-07 6.212772614e-07 3.375682782e-01 3.882920230e+01
9.706952600e+01 9.276550913e-01 -8.825814988e-07 6.298841873e-08 8.848263349e-07 -7.124758647e-02 3.887257700e+01
9.707016300e+01 9.361543045e-01 -2.592814939e-07 1.450087169e-06 1.473085093e-06 -1.393862023e+00 3.892362900e+01
9.707090600e+01 9.460678294e-01 -5.214451794e-07 7.986213286e-07 9.537825232e-07 -9.923629193e-01 3.897288870e+01
9.707167300e+01 9.563015758e-01 -9.200152056e-07 1.870485928e-08 9.202053305e-07 -2.032823217e-02 3.902310990e+01
9.707244000e+01 9.665353222e-01 -6.616326724e-08 2.301195448e-08 7.005089564e-08 -3.347185563e-01 3.907216330e+01
9.707313100e+01 9.757550338e-01 2.407919294e-07 7.312346592e-08 2.516501432e-07 2.948286485e-01 3.912424310e+01
9.707394000e+01 9.865491680e-01 -7.964797751e-07 -7.086347033e-07 1.066087789e-06 7.270999202e-01 3.917424110e+01
9.707467600e+01 9.963692949e-01 -1.916399491e-07 -7.338050031e-07 7.584165430e-07 1.315342748e+00 3.922309130e+01
9.707541500e+01 1.006229450e+00 -4.068105992e-07 -1.000273385e-06 1.079834111e-06 1.184527968e+00 3.927379990e+01
9.707615000e+01 1.016036234e+00 3.767832730e-07 -8.375788907e-07 9.184247563e-07 -1.148068728e+00 3.932457450e+01
9.707692800e+01 1.026416749e+00 -4.850327735e-07 -6.371742248e-07 8.007794853e-07 9.201500142e-01 3.937433950e+01
9.707766900e+01 1.036303588e+00 6.230505267e-07 7.256621823e-07 9.564400461e-07 8.613330573e-01 3.942364300e+01
9.707839100e+01 1.045936919e+00 2.417118799e-07 -8.021512036e-07 8.377775279e-07 -1.278120187e+00 3.947406780e+01
9.707916600e+01 1.056277406e+00 -6.951550906e-07 -3.047950523e-08 6.958229661e-07 4.381755451e-02 3.952469850e+01
9.707995000e+01 1.066737976e+00 3.560088251e-07 -4.759178278e-07 5.943400225e-07 -9.285464156e-01 3.957656530e+01
9.708071300e+01 1.076918353e+00 5.548920345e-07 -5.060327112e-08 5.571946348e-07 -9.094325248e-02 3.962544570e+01
9.708143200e+01 1.086511656e+00 3.849764691e-07 -5.834842621e-07 6.990427497e-07 -9.875703451e-01 3.967595110e+01
9.708220100e+01 1.096772088e+00 -1.330863632e-06 1.534314209e-07 1.339678770e-06 -1.147803793e-01 3.972644890e+01
9.708293900e+01 1.106618900e+00 3.357999008e-08 5.976145568e-07 5.985572439e-07 1.514665305e+00 3.977657310e+01
9.708374500e+01 1.117373006e+00 -2.341093951e-07 -8.231739301e-07 8.558168777e-07 1.293713612e+00 3.982671060e+01
9.708449400e+01 1.127366586e+00 -4.736527347e-07 4.380109522e-07 6.451360378e-07 -7.463227446e-01 3.987622780e+01
9.708522600e+01 1.137133343e+00 -2.627460009e-07 7.991964475e-07 8.412790397e-07 -1.253164946e+00 3.992787270e+01
9.708602100e+01 1.147740681e+00 -2.016280681e-07 -1.568701405e-06 1.581606138e-06 1.442965359e+00 3.997800060e+01
9.708673800e+01 1.157307300e+00 4.554486307e-07 -6.922609049e-07 8.286486684e-07 -9.888772709e-01 4.002705490e+01
9.708746800e+01 1.167047371e+00 8.325647410e-07 1.950870646e-07 8.551157879e-07 2.301680135e-01 4.007666390e+01
9.708819900e+01 1.176800785e+00 -4.872612844e-07 -5.251873507e-08 4.900834387e-07 1.073690187e-01 4.012720850e+01
9.708893700e+01 1.186647597e+00 -1.503153437e-07 1.941251346e-08 1.515636771e-07 -1.284343730e-01 4.017872420e+01
9.708975500e+01 1.197561815e+00 2.313291537e-07 6.144339375e-07 6.565380727e-07 1.210718683e+00 4.022729120e+01
9.709043900e+01 1.206688128e+00 -2.351139042e-07 -1.291976835e-06 1.313195602e-06 1.390786222e+00 4.027843870e+01
9.709125600e+01 1.217589003e+00 7.946116880e-09 1.345094677e-07 1.347439708e-07 1.511790126e+00 4.032783990e+01
9.709195600e+01 1.226928798e+00 7.708069209e-07 6.774379486e-07 1.026189789e-06 7.210168318e-01 4.038013410e+01
9.709272500e+01 1.237189229e+00 7.325360232e-08 8.554903377e-07 8.586208757e-07 1.485377066e+00 4.042899860e+01
9.709350100e+01 1.247543059e+00 4.230554606e-07 5.188916273e-07 6.694956636e-07 8.867918850e-01 4.047878880e+01
9.709421100e+01 1.257016279e+00 1.313004359e-07 -2.958750114e-07 3.237002113e-07 -1.153135385e+00 4.052994690e+01
9.709498800e+01 1.267383451e+00 -7.047492021e-07 5.653149411e-07 9.034668895e-07 -6.760508618e-01 4.058064010e+01
9.709574600e+01 1.277497114e+00 -2.972285499e-07 7.195643622e-08 3.058145510e-07 -2.375214106e-01 4.062947050e+01
9.709647800e+01 1.287263871e+00 -6.837378700e-08 5.559793032e-07 5.601677966e-07 -1.448431718e+00 4.068041740e+01
9.709724800e+01 1.297537645e+00 -8.953264705e-08 1.803222798e-07 2.013261520e-07 -1.109940913e+00 4.073130070e+01
9.709800300e+01 1.307611281e+00 7.591756049e-07 -1.402595777e-06 1.594873824e-06 -1.074684396e+00 4.077995630e+01
9.709873900e+01 1.317431408e+00 -2.626632413e-07 -4.320162816e-07 5.055987005e-07 1.024519721e+00 4.083186100e+01
9.709953200e+01 1.328012061e+00 7.068145928e-08 -5.071937438e-07 5.120950717e-07 -1.432330189e+00 4.088241700e+01
9.710029900e+01 1.338245807e+00 5.022185751e-07 -1.803438693e-08 5.025422731e-07 -3.589401529e-02 4.093103890e+01
9.710102700e+01 1.347959194e+00 -4.019547721e-07 -3.702458677e-07 5.464884641e-07 7.443581816e-01 4.098210560e+01
9.710178700e+01 1.358099542e+00 -2.407547476e-07 1.473048149e-07 2.822437900e-07 -5.490842490e-01 4.103115030e+01
9.710251500e+01 1.367812929e+00 -2.794694285e-07 -1.113463871e-07 3.008341393e-07 3.791441143e-01 4.108156400e+01
9.710327200e+01 1.377913250e+00 -1.291551643e-06 1.873724346e-07 1.305072440e-06 -1.440703163e-01 4.113128730e+01
9.710402800e+01 1.388000228e+00 -7.411010377e-07 2.492879776e-07 7.819048815e-07 -3.244856926e-01 4.118242600e+01
9.710476900e+01 1.397887068e+00 4.641125968e-07 -7.829953647e-08 4.706711377e-07 -1.671342394e-01 4.123102550e+01
9.710549200e+01 1.407533741e+00 7.714600018e-07 6.098779639e-08 7.738669431e-07 7.889095842e-02 4.128341440e+01
9.710629900e+01 1.418301190e+00 2.447583911e-07 7.449583527e-07 7.841362236e-07 1.253354116e+00 4.133301050e+01
9.710703300e+01 1.428094632e+00 -6.815621332e-07 6.580704132e-08 6.847317052e-07 -9.625488031e-02 4.138379580e+01
9.710782100e+01 1.438608572e+00 4.275862465e-07 2.054092203e-07 4.743658356e-07 4.478389176e-01 4.143257010e+01
9.710851600e+01 1.447881654e+00 -3.337525013e-07 -3.117276645e-07 4.566890287e-07 7.512897643e-01 4.148403910e+01
9.710931100e+01 1.458488992e+00 1.648564377e-07 -4.375413816e-07 4.675682899e-07 -1.210466831e+00 4.153334800e+01
9.711004800e+01 1.468322462e+00 1.722640178e-07 -8.742689610e-07 8.910786205e-07 -1.376250668e+00 4.158278630e+01
9.711077600e+01 1.478035848e+00 7.689490289e-07 -2.367547024e-07 8.045715618e-07 -2.986830630e-01 4.163316020e+01
9.711153000e+01 1.488096141e+00 -5.212580708e-07 7.763793978e-07 9.351336512e-07 -9.795266690e-01 4.168593690e+01
9.711232700e+01 1.498730165e+00 -1.126441529e-07 -4.040867303e-07 4.194934931e-07 1.298935696e+00 4.173430470e+01
9.711304400e+01 1.508296783e+00 4.540549118e-07 -2.765704451e-07 5.316550329e-07 -5.470928156e-01 4.178390260e+01
9.711375400e+01 1.517770003e+00 -6.896611754e-07 -2.505791466e-07 7.337727479e-07 3.485062234e-01 4.183401190e+01
9.711453800e+01 1.528230573e+00 3.420992224e-07 -8.104703382e-07 8.797124798e-07 -1.171384889e+00 4.188576310e+01
9.711533600e+01 1.538877939e+00 9.890798550e-07 -4.507535251e-07 1.086948803e-06 -4.276089035e-01 4.193629640e+01
9.711610800e+01 1.549178399e+00 -5.948589035e-07 1.151095481e-07 6.058938216e-07 -1.911448684e-01 4.198607930e+01
9.711682700e+01 1.558771702e+00 -2.914149909e-07 4.056177821e-08 2.942243273e-07 -1.383005005e-01 4.203708290e+01
9.711759800e+01 1.569058819e+00 -9.787696934e-08 6.661064861e-08 1.183929037e-07 -5.975559877e-01 4.208657440e+01
9.711835600e+01 1.579172482e+00 4.554912099e-07 -7.429205485e-07 8.714374238e-07 -1.020793638e+00 4.213629630e+01
9.711907300e+01 1.588739100e+00 -3.898442903e-07 -1.478853312e-07 4.169516061e-07 3.625741943e-01 4.218623800e+01
9.711982300e+01 1.598746023e+00 -1.039253136e-06 8.115833942e-09 1.039284825e-06 -7.809135892e-03 4.223716230e+01
9.712062200e+01 1.609406732e+00 1.530230205e-07 3.627669225e-07 3.937205670e-07 1.171620663e+00 4.228681910e+01
9.712133900e+01 1.618973350e+00 7.148170821e-07 -4.142901441e-07 8.261959721e-07 -5.252657516e-01 4.233812410e+01
9.712211800e+01 1.629367207e+00 -1.019750067e-06 -1.504316868e-07 1.030786055e-06 1.464618729e-01 4.238611250e+01
9.712283300e+01 1.638907140e+00 -1.515345479e-07 4.058804537e-07 4.332454985e-07 -1.213475004e+00 4.243780280e+01
9.712361800e+01 1.649381053e+00 5.745810129e-07 -7.011119796e-07 9.064774395e-07 -8.842608738e-01 4.248848420e+01
9.712435200e+01 1.659174495e+00 -7.579012277e-07 -5.839592299e-07 9.567772223e-07 6.564894999e-01 4.253827630e+01
9.712510900e+01 1.669274815e+00 -1.212349547e-07 -4.433549407e-07 4.596319372e-07 1.303872661e+00 4.258692330e+01
9.712581400e+01 1.678681323e+00 -6.485992416e-07 -6.122066260e-07 8.918956940e-07 7.565416086e-01 4.263800790e+01
9.712658300e+01 1.688941754e+00 -4.072729732e-08 -1.331991081e-07 1.392864499e-07 1.274061221e+00 4.268878000e+01
9.712737400e+01 1.699495722e+00 -3.977190421e-07 -4.077227534e-08 3.998034703e-07 1.021583945e-01 4.273883160e+01
9.712812300e+01 1.709489303e+00 1.439494546e-07 -2.761794362e-07 3.114426536e-07 -1.090319440e+00 4.278821770e+01
9.712885600e+01 1.719269402e+00 2.496400056e-07 -1.799474630e-07 3.077356362e-07 -6.245680366e-01 4.283775780e+01
9.712957800e+01 1.728902733e+00 -4.732671231e-07 -3.075824901e-07 5.644366732e-07 5.763141092e-01 4.289066340e+01
9.713038200e+01 1.739630154e+00 -4.249409392e-07 5.643871944e-07 7.064755531e-07 -9.254261717e-01 4.293958010e+01
9.713112400e+01 1.749530337e+00 1.211408007e-08 -1.145326300e-07 1.151714994e-07 -1.465418439e+00 4.299007470e+01
9.713184200e+01 1.759110298e+00 -9.251349037e-07 1.323888440e-06 1.615102223e-06 -9.608753423e-01 4.303906450e+01
9.713256600e+01 1.768770314e+00 -6.286949684e-07 -2.201674083e-07 6.661314067e-07 3.368507580e-01 4.308926940e+01
9.713335200e+01 1.779257569e+00 2.693025968e-07 -1.069139531e-06 1.102534909e-06 -1.324042236e+00 4.313949750e+01
9.713408500e+01 1.789037668e+00 -2.841537393e-07 1.584845515e-08 2.845953638e-07 -5.571650119e-02 4.319114940e+01
9.713487700e+01 1.799604979e+00 6.422741325e-08 1.529600513e-07 1.658973716e-07 1.173256190e+00 4.324203390e+01
9.713567700e+01 1.810279030e+00 -1.239582239e-07 1.022104516e-07 1.606630564e-07 -6.895355806e-01 4.329131320e+01
9.713637000e+01 1.819525426e+00 -4.594804604e-07 3.082277748e-07 5.532871358e-07 -5.908711166e-01 4.334101640e+01
9.713711600e+01 1.829478979e+00 -4.292162500e-08 -1.700493001e-07 1.753825258e-07 1.323553586e+00 4.339142650e+01
9.713786100e+01 1.839419189e+00 1.885778455e-08 -1.123712862e-07 1.139426259e-07 -1.404528854e+00 4.344231560e+01
9.713866000e+01 1.850079898e+00 2.373010354e-07 -8.018501507e-07 8.362269103e-07 -1.283066730e+00 4.349285390e+01
9.713941900e+01 1.860206904e+00 -7.774960521e-08 1.732733245e-07 1.899174718e-07 -1.149015050e+00 4.354114320e+01
9.714015000e+01 1.869960318e+00 3.843023985e-07 -5.391545252e-07 6.620996417e-07 -9.515398601e-01 4.359238670e+01
9.714089900e+01 1.879953898e+00 4.002917848e-07 -3.316391341e-07 5.198249977e-07 -6.918751626e-01 4.364302270e+01
9.714165700e+01 1.890067561e+00 -8.087048009e-09 2.984495532e-07 2.985591000e-07 -1.543706088e+00 4.369373990e+01
9.714242300e+01 1.900287965e+00 -1.090246217e-06 -7.855860986e-08 1.093072856e-06 7.193152400e-02 4.374186830e+01
9.714313600e+01 1.909801213e+00 1.172429455e-06 -2.604317318e-07 1.201006043e-06 -2.185810430e-01 4.379347920e+01
9.714390000e+01 1.919994932e+00 6.798271811e-07 -7.602364865e-08 6.840647566e-07 -1.113652167e-01 4.384444630e+01
9.714468700e+01 1.930495530e+00 6.613849934e-07 -5.390813609e-07 8.532519108e-07 -6.838683741e-01 4.389346310e+01
9.714539300e+01 1.939915380e+00 1.778988641e-07 -1.039591971e-07 2.060473744e-07 -5.288494056e-01 4.394433510e+01
9.714618900e+01 1.950536061e+00 -1.965695401e-07 6.754811049e-07 7.035014621e-07 -1.287610533e+00 4.399370780e+01
9.714692700e+01 1.960382873e+00 8.640721440e-07 4.192083406e-07 9.603938269e-07 4.517006927e-01 4.404316630e+01
9.714764000e+01 1.969896121e+00 7.747008181e-07 -4.704209140e-07 9.063427574e-07 -5.457180981e-01 4.409424670e+01
9.714842300e+01 1.980343348e+00 3.736785902e-07 -2.775833502e-07 4.654978035e-07 -6.389028453e-01 4.414510040e+01
9.714916500e+01 1.990243530e+00 -6.730888739e-07 -1.070296966e-07 6.815452943e-07 1.576924834e-01 4.419531820e+01
9.714991300e+01 2.000223768e+00 2.513851527e-08 3.818789828e-07 3.827055036e-07 1.505062681e+00 4.424436430e+01
9.715066300e+01 2.010230691e+00 -4.336570798e-07 8.941822297e-07 9.937908848e-07 -1.119239852e+00 4.429503490e+01
9.715139400e+01 2.019984105e+00 1.133257198e-06 -3.217427703e-07 1.178045113e-06 -2.766305226e-01 4.434653240e+01
9.715218500e+01 2.030538073e+00 -3.672965090e-08 -9.562387039e-08 1.024353056e-07 1.204066780e+00 4.439521340e+01
9.715290800e+01 2.040184747e+00 5.530197495e-07 6.465626368e-07 8.508079023e-07 8.632202219e-01 4.444563670e+01
9.715365700e+01 2.050178327e+00 3.330694351e-07 1.034931048e-06 1.087206293e-06 1.259436373e+00 4.449577640e+01
9.715443100e+01 2.060505471e+00 5.338273285e-07 -1.144247427e-06 1.262645553e-06 -1.134280268e+00 4.454711900e+01
9.715519300e+01 2.070672505e+00 -3.355750107e-07 -2.488579877e-07 4.177809065e-07 6.380948606e-01 4.459702870e+01
9.715595200e+01 2.080799511e+00 3.348943433e-07 5.787885568e-07 6.686930646e-07 1.046251331e+00 4.464673680e+01
9.715667500e+01 2.090446185e+00 3.673420867e-07 -8.293245245e-07 9.070387950e-07 -1.153827897e+00 4.469673750e+01
9.715743200e+01 2.100546505e+00 1.063094485e-06 -1.200763209e-07 1.069854293e-06 -1.124731292e-01 4.474758950e+01
9.715822700e+01 2.111153844e+00 2.572694772e-07 8.695114858e-07 9.067732947e-07 1.283125294e+00 4.479835230e+01
9.715896300e+01 2.120973971e+00 1.297694441e-06 2.949106826e-07 1.330782917e-06 2.234620398e-01 4.484822350e+01
9.715972100e+01 2.131087634e+00 -2.692624164e-08 -6.592782229e-07 6.598278546e-07 1.529977012e+00 4.489728670e+01
9.716045800e+01 2.140921103e+00 1.003249730e-07 7.618622920e-07 7.684394916e-07 1.439865798e+00 4.494877720e+01
9.716123200e+01 2.151248248e+00 -1.301747860e-07 -8.365737819e-07 8.466411090e-07 1.416429599e+00 4.499922140e+01
9.716198800e+01 2.161335226e+00 5.874093439e-07 -2.013989800e-07 6.209760756e-07 -3.302996256e-01 4.504925000e+01
9.716274900e+01 2.171488917e+00 9.954883233e-07 -1.613637445e-07 1.008481661e-06 -1.606973620e-01 4.509770890e+01
9.716345800e+01 2.180948795e+00 -5.785630669e-07 -5.254014460e-07 7.815253687e-07 7.372801444e-01 4.514993650e+01
9.716425200e+01 2.191542791e+00 -1.358252247e-07 -8.259283841e-08 1.589656209e-07 5.463407714e-01 4.519955860e+01
9.716499700e+01 2.201483001e+00 1.001462604e-07 3.160071731e-07 3.314963151e-07 1.263897638e+00 4.524941540e+01
9.716574400e+01 2.211449896e+00 8.668146038e-07 3.050589234e-08 8.673512361e-07 3.517858046e-02 4.529882230e+01
9.716648100e+01 2.221283365e+00 -1.835343102e-08 5.940636921e-08 6.217688584e-08 -1.271151445e+00 4.535077930e+01
9.716724900e+01 2.231530454e+00 -6.309648592e-07 1.021591167e-06 1.200735261e-06 -1.017514699e+00 4.539986660e+01
9.716798700e+01 2.241377266e+00 -5.371934835e-08 -8.774150235e-07 8.790579571e-07 1.509648095e+00 4.545080850e+01
9.716874200e+01 2.251450902e+00 2.748115047e-07 -6.288898732e-07 6.863117628e-07 -1.158823485e+00 4.550057030e+01
9.716948700e+01 2.261391112e+00 1.546932043e-07 -1.745237135e-07 2.332134516e-07 -8.455608601e-01 4.555069150e+01
9.717024700e+01 2.271531461e+00 -2.113085374e-07 3.788396681e-07 4.337865744e-07 -1.062000930e+00 4.560199790e+01
9.717098400e+01 2.281364930e+00 4.226860412e-07 -6.299423588e-07 7.586111421e-07 -9.798055015e-01 4.565191520e+01
9.717176100e+01 2.291732102e+00 4.815880568e-07 -6.445470218e-08 4.858821515e-07 -1.330471875e-01 4.570174200e+01
9.717252400e+01 2.301912478e+00 4.490893384e-07 -6.532463706e-07 7.927244506e-07 -9.685272151e-01 4.575120010e+01
9.717324600e+01 2.311545809e+00 -1.103336620e-06 -3.134212368e-07 1.146989350e-06 2.767757945e-01 4.580236710e+01
9.717402000e+01 2.321872954e+00 9.516173622e-07 -2.668102148e-07 9.883133586e-07 -2.733568907e-01 4.585250540e+01
9.717477600e+01 2.331959932e+00 -8.856286097e-07 1.833561972e-07 9.044100449e-07 -2.041508255e-01 4.590219480e+01
9.717553300e+01 2.342060253e+00 -1.485168226e-07 1.096348235e-07 1.845996780e-07 -6.359049512e-01 4.595380650e+01
9.717631800e+01 2.352534165e+00 4.773883092e-07 -1.273201810e-07 4.940749196e-07 -2.606349178e-01 4.600360140e+01
9.717705900e+01 2.362421005e+00 -9.011898052e-07 -6.414825194e-07 1.106183930e-06 6.186131051e-01 4.605343130e+01
9.717780600e+01 2.372387900e+00 9.236206437e-08 3.323353938e-07 3.449312467e-07 1.299719090e+00 4.610382130e+01
9.717856800e+01 2.382554934e+00 -6.154642340e-07 2.828014002e-07 6.773277311e-07 -4.307200616e-01 4.615260570e+01
9.717927500e+01 2.391988127e+00 -7.422482770e-07 -7.957871136e-07 1.088213966e-06 8.201939995e-01 4.620191750e+01
9.718002200e+01 2.401955022e+00 -4.070426858e-07 9.091773019e-07 9.961360923e-07 -1.149853056e+00 4.625444230e+01
9.718081700e+01 2.412562360e+00 6.524991358e-07 -2.739125440e-07 7.076603733e-07 -3.974493786e-01 4.630402140e+01
9.718154900e+01 2.422329117e+00 1.156354911e-08 -1.009946058e-06 1.010012255e-06 -1.559347157e+00 4.635345170e+01
9.718228900e+01 2.432202614e+00 4.144634594e-07 -5.112081820e-08 4.176042352e-07 -1.227223278e-01 4.640450180e+01
9.718304100e+01 2.442236222e+00 -7.228825407e-07 -6.443527168e-07 9.683747163e-07 7.280242496e-01 4.645357110e+01
9.718378000e+01 2.452096377e+00 2.763989290e-07 -2.399067620e-08 2.774381381e-07 -8.658029332e-02 4.650575410e+01
9.718458000e+01 2.462770428e+00 -6.996259058e-07 3.238441434e-07 7.709419156e-07 -4.335146972e-01 4.655398570e+01
9.718530300e+01 2.472417101e+00 -7.609615322e-07 -1.625385704e-08 7.611351006e-07 2.135638291e-02 4.660525610e+01
9.718604500e+01 2.482317284e+00 -8.518537149e-07 -4.947264364e-07 9.850933958e-07 5.261556977e-01 4.665384280e+01
9.718679400e+01 2.492310864e+00 -2.566145972e-08 -1.534062332e-07 1.555377218e-07 1.405053076e+00 4.670542870e+01
9.718756300e+01 2.502571296e+00 -3.145306947e-07 8.932568819e-07 9.470150025e-07 -1.232237023e+00 4.675579930e+01
9.718832000e+01 2.512671616e+00 -3.886442767e-07 -5.415137723e-07 6.665444767e-07 9.482898709e-01 4.680668330e+01
9.718908000e+01 2.522811965e+00 -9.116954713e-07 -7.131816813e-07 1.157504533e-06 6.638290488e-01 4.685513390e+01
9.718980500e+01 2.532485324e+00 8.290048807e-08 -6.703464141e-07 6.754530375e-07 -1.447752925e+00 4.690665880e+01
9.719058500e+01 2.542892523e+00 1.181126405e-06 1.016167418e-07 1.185489581e-06 8.582242601e-02 4.695687740e+01
9.719133100e+01 2.552846076e+00 -2.681889410e-08 -2.239389652e-07 2.255391611e-07 1.451604161e+00 4.700837150e+01
9.719210600e+01 2.563186563e+00 1.714586114e-07 1.534452142e-07 2.300945222e-07 7.300126217e-01 4.705642460e+01
9.719281100e+01 2.572593070e+00 -6.523821929e-07 -3.054253443e-07 7.203382307e-07 4.378604007e-01 4.710791310e+01
9.719359700e+01 2.583080326e+00 -7.677148320e-08 1.065679222e-08 7.750759868e-08 -1.379304498e-01 4.715782380e+01
9.719434600e+01 2.593073906e+00 -1.055686905e-06 2.228684883e-07 1.078955609e-06 -2.080572728e-01 4.720699650e+01
9.719506500e+01 2.602667209e+00 -5.875448777e-08 1.212325559e-07 1.347197923e-07 -1.119509768e+00 4.725810580e+01
9.719584900e+01 2.613127779e+00 4.559235986e-07 -3.159148183e-07 5.546787360e-07 -6.059528908e-01 4.730857340e+01
9.719660700e+01 2.623241443e+00 1.546644783e-06 -1.311511089e-07 1.552195445e-06 -8.459480132e-02 4.735872400e+01
9.719735400e+01 2.633208338e+00 1.350767905e-07 -1.987962520e-07 2.403449378e-07 -9.739797630e-01 4.740818240e+01
9.719810100e+01 2.643175233e+00 -6.843255828e-07 -2.704546338e-07 7.358309671e-07 3.763731911e-01 4.745822270e+01
9.719886000e+01 2.653302239e+00 3.809848198e-07 1.751476486e-06 1.792433908e-06 1.356610766e+00 4.750935970e+01
9.719963800e+01 2.663682753e+00 1.808740102e-07 1.237447282e-07 2.191532919e-07 6.000081353e-01 4.755893800e+01
9.720037300e+01 2.673489538e+00 -6.816520893e-07 -1.665098297e-07 7.016944450e-07 2.395821955e-01 4.760937310e+01
9.720111800e+01 2.683429748e+00 2.845771324e-07 2.946881913e-07 4.096648318e-07 8.028513611e-01 4.765997990e+01
9.720185500e+01 2.693263217e+00 -5.164844036e-07 9.123551489e-07 1.048402622e-06 -1.055676228e+00 4.770929570e+01
9.720260500e+01 2.703270140e+00 -9.344513509e-07 4.240659668e-07 1.026173120e-06 -4.260201103e-01 4.776072270e+01
9.720340100e+01 2.713890821e+00 7.441115665e-07 6.688105647e-07 1.000504670e-06 7.321540187e-01 4.781115560e+01
9.720415400e+01 2.723937772e+00 8.311524312e-07 5.011600923e-07 9.705543787e-07 5.426005605e-01 4.786007970e+01
9.720489900e+01 2.733877982e+00 -1.378204497e-07 4.694745765e-08 1.455971845e-07 -3.283140254e-01 4.791072070e+01
9.720565400e+01 2.743951617e+00 1.904723197e-07 3.552489964e-07 4.030900073e-07 1.078636480e+00 4.796184160e+01
9.720639900e+01 2.753891827e+00 1.327144249e-06 -6.615954905e-07 1.482909455e-06 -4.624553881e-01 4.801108130e+01
9.720716700e+01 2.764138916e+00 -1.980879981e-07 -6.356311788e-07 6.657821344e-07 1.268695285e+00 4.806093190e+01
9.720789000e+01 2.773785590e+00 1.222172747e-07 -4.207483881e-08 1.292569313e-07 -3.315544495e-01 4.811173040e+01
9.720865900e+01 2.784046022e+00 7.317845904e-07 -6.319063990e-07 9.668579957e-07 -7.122876317e-01 4.816060350e+01
9.720938700e+01 2.793759408e+00 1.953569327e-07 -2.445161095e-07 3.129735755e-07 -8.966939919e-01 4.821198480e+01
9.721016400e+01 2.804126580e+00 4.711615521e-07 -3.920326209e-07 6.129296730e-07 -6.939837464e-01 4.826309610e+01
9.721091200e+01 2.814106818e+00 -3.488855061e-07 -3.691052251e-07 5.078973947e-07 8.135522543e-01 4.831269070e+01
9.721164700e+01 2.823913602e+00 4.019805595e-07 -1.386536225e-06 1.443631211e-06 -1.288615377e+00 4.836182170e+01
9.721239300e+01 2.833867155e+00 2.997365243e-07 6.859016126e-07 7.485339045e-07 1.158808671e+00 4.841242060e+01
9.721315200e+01 2.843994161e+00 -3.119477569e-07 2.144971792e-08 3.126843351e-07 -6.865254874e-02 4.846370610e+01
9.721388600e+01 2.853787603e+00 2.641787008e-07 -3.786993366e-07 4.617397249e-07 -9.616863926e-01 4.851426840e+01
9.721465400e+01 2.864034692e+00 -5.484925618e-07 -3.461346504e-07 6.485778956e-07 5.629490304e-01 4.856379000e+01
9.721543600e+01 2.874468577e+00 -3.769697819e-07 -4.654181588e-07 5.989326164e-07 8.900120537e-01 4.861450420e+01
9.721617400e+01 2.884315389e+00 -2.685505643e-07 4.451084837e-07 5.198470620e-07 -1.027926520e+00 4.866383090e+01
9.721693500e+01 2.894469080e+00 1.190328309e-07 1.984280319e-07 2.313925208e-07 1.030465722e+00 4.871424200e+01
9.721768600e+01 2.904489345e+00 -1.136641344e-06 -1.583610119e-07 1.147620040e-06 1.384325239e-01 4.876401950e+01
9.721841500e+01 2.914216074e+00 -1.339211552e-07 -2.374251747e-07 2.725905160e-07 1.057225452e+00 4.881294690e+01
9.721915100e+01 2.924036201e+00 2.444447444e-07 6.432228689e-07 6.881052915e-07 1.207622073e+00 4.886400070e+01
9.721991500e+01 2.934229920e+00 -1.961089652e-07 4.860846594e-07 5.241536248e-07 -1.187322700e+00 4.891465820e+01
9.722068700e+01 2.944530379e+00 -3.924080375e-07 -1.269285724e-07 4.124256664e-07 3.128390114e-01 4.896673470e+01
9.722145000e+01 2.954710755e+00 1.725704680e-07 9.777154086e-07 9.928282765e-07 1.396091936e+00 4.901573710e+01
9.722223500e+01 2.965184668e+00 -2.599033900e-07 2.114140859e-07 3.350308760e-07 -6.828785057e-01 4.906579220e+01
9.722296200e+01 2.974884712e+00 -8.435741609e-07 -2.231359576e-07 8.725863972e-07 2.585902163e-01 4.911587440e+01
9.722369300e+01 2.984638126e+00 -7.089783354e-07 3.275029554e-07 7.809663667e-07 -4.327358469e-01 4.916686310e+01
9.722446100e+01 2.994885215e+00 -6.726546861e-07 -7.677004390e-07 1.020699902e-06 8.512903559e-01 4.921540730e+01
9.722518400e+01 3.004531889e+00 -4.324786557e-08 -7.403783908e-07 7.416404381e-07 1.512449436e+00 4.926767030e+01
9.722600600e+01 3.015499476e+00 -6.350056845e-07 -2.160096401e-07 6.707401762e-07 3.278905394e-01 4.931595650e+01
9.722669200e+01 3.024652475e+00 -4.653192071e-07 6.820808797e-07 8.256853462e-07 -9.721131981e-01 4.936763670e+01
9.722745800e+01 3.034872879e+00 -1.307463067e-07 2.685205790e-07 2.986601715e-07 -1.117672584e+00 4.941647380e+01
9.722819600e+01 3.044719691e+00 6.372431911e-07 -1.298570613e-06 1.446500785e-06 -1.114594891e+00 4.946614550e+01
9.722893700e+01 3.054606530e+00 4.150817572e-07 -3.060790249e-07 5.157298078e-07 -6.353846875e-01 4.951676220e+01
9.722970200e+01 3.064813592e+00 2.505089809e-07 1.727066015e-07 3.042734292e-07 6.035918381e-01 4.956828060e+01
9.723045800e+01 3.074900570e+00 9.307091797e-08 1.813309869e-07 2.038213006e-07 1.096592819e+00 4.961765790e+01
9.723120500e+01 3.084867465e+00 -1.481569984e-07 -3.567800482e-07 3.863191672e-07 1.177203153e+00 4.966692550e+01
9.723196900e+01 3.095061184e+00 -4.320168814e-08 2.267635848e-07 2.308421739e-07 -1.382538121e+00 4.971902890e+01
9.723274800e+01 3.105455041e+00 2.381328289e-07 -2.269530922e-07 3.289604084e-07 -7.613647889e-01 4.976779970e+01
9.723346900e+01 3.115075030e+00 -3.671729694e-07 2.213932092e-07 4.287551079e-07 -5.425983133e-01 4.981987320e+01
9.723424400e+01 3.125415517e+00 -8.059365537e-07 1.609631403e-07 8.218533088e-07 -1.971280946e-01 4.986926150e+01
9.723498400e+01 3.135289014e+00 -4.998797180e-07 3.157618930e-07 5.912573937e-07 -5.633854540e-01 4.991908160e+01
9.723570700e+01 3.144935687e+00 1.635226895e-07 5.814626500e-07 6.040186117e-07 1.296650679e+00 4.996976290e+01
9.723647700e+01 3.155209462e+00 3.792006916e-08 1.815612744e-08 4.204255712e-08 4.465441901e-01 5.001993810e+01
9.723722600e+01 3.165203042e+00 -2.567951090e-07 1.418156973e-07 2.933520411e-07 -5.045708023e-01 5.006927160e+01
9.723799100e+01 3.175410103e+00 2.840343977e-07 2.418216263e-07 3.730324892e-07 7.052955388e-01 5.011957830e+01
9.723874400e+01 3.185457054e+00 7.950296837e-07 -2.093097142e-08 7.953051638e-07 -2.632120275e-02 5.016966220e+01
9.723952400e+01 3.195864254e+00 1.412819581e-07 -2.086548342e-07 2.519869670e-07 -9.755995695e-01 5.022134350e+01
9.724028700e+01 3.206044630e+00 9.381713330e-07 2.851516517e-07 9.805492923e-07 2.950713054e-01 5.026984260e+01
9.724101600e+01 3.215771359e+00 8.296645583e-08 -1.976436152e-07 2.143511872e-07 -1.173357000e+00 5.032191440e+01
9.724180600e+01 3.226311984e+00 -1.882114246e-07 1.771594255e-08 1.890433679e-07 -9.385135656e-02 5.037168470e+01
9.724252600e+01 3.235918630e+00 -2.467698082e-07 -8.617260904e-07 8.963633154e-07 1.291893434e+00 5.042131900e+01
9.724327000e+01 3.245845498e+00 1.196199439e-06 9.614501571e-08 1.200057067e-06 8.020299333e-02 5.047158160e+01
9.724401800e+01 3.255825735e+00 -1.941359294e-07 4.757559069e-07 5.138408723e-07 -1.183362891e+00 5.052225040e+01
9.724478300e+01 3.266032797e+00 6.622251828e-07 -7.846631497e-07 1.026761146e-06 -8.698186136e-01 5.057221960e+01
9.724554900e+01 3.276253200e+00 5.163578655e-07 -7.332496745e-08 5.215381061e-07 -1.410610365e-01 5.062268310e+01
9.724626400e+01 3.285793134e+00 -9.149128990e-09 3.613180306e-07 3.614338470e-07 -1.545480197e+00 5.067148690e+01
9.724700100e+01 3.295626603e+00 -6.678336421e-07 -1.030164578e-07 6.757323169e-07 1.530483741e-01 5.072366690e+01
9.724780100e+01 3.306300654e+00 -7.503233309e-08 2.494133163e-07 2.604550890e-07 -1.278573366e+00 5.077301640e+01
9.724854000e+01 3.316160809e+00 8.207846977e-07 -3.306010414e-07 8.848641526e-07 -3.829062697e-01 5.082313440e+01
9.724928300e+01 3.326074334e+00 6.183938024e-08 -3.837284790e-07 3.886793724e-07 -1.411016070e+00 5.087378970e+01
9.725007900e+01 3.336695015e+00 -5.016728418e-08 -3.363600271e-07 3.400806143e-07 1.422740145e+00 5.092225320e+01
9.725077000e+01 3.345914726e+00 -2.890557438e-07 -6.313606657e-07 6.943842692e-07 1.141450225e+00 5.097301650e+01
9.725152800e+01 3.356028389e+00 2.295678145e-08 6.943125023e-07 6.946919207e-07 1.537744320e+00 5.102368720e+01
9.725228400e+01 3.366115368e+00 1.144526291e-06 -4.434311034e-07 1.227424774e-06 -3.696289585e-01 5.107530710e+01
9.725305600e+01 3.376415827e+00 6.947598837e-07 -7.463784587e-07 1.019692159e-06 -8.212007760e-01 5.112356330e+01
9.725382900e+01 3.386729629e+00 -8.674161098e-07 2.226411994e-07 8.955332552e-07 -2.512480207e-01 5.117383380e+01
9.725453000e+01 3.396082766e+00 -9.061098009e-07 -4.443876360e-07 1.009215211e-06 4.559660826e-01 5.122594000e+01
9.725533700e+01 3.406850215e+00 -3.826472074e-07 -1.074512905e-07 3.974476886e-07 2.737599684e-01 5.127523300e+01
9.725605000e+01 3.416363463e+00 -5.938028196e-07 -3.685013202e-07 6.988526394e-07 5.554135591e-01 5.132559070e+01
9.725680900e+01 3.426490469e+00 -5.296131878e-07 3.424422548e-07 6.306796545e-07 -5.739738483e-01 5.137507880e+01
9.725759200e+01 3.436937696e+00 -1.313220254e-07 7.980354149e-07 8.087681978e-07 -1.407701349e+00 5.142480980e+01
9.725829600e+01 3.446330861e+00 -5.427605630e-07 -2.287222277e-07 5.889846230e-07 3.988220465e-01 5.147480020e+01
9.725904400e+01 3.456311099e+00 -7.310667412e-08 6.262139808e-08 9.626019582e-08 -7.082992115e-01 5.152486990e+01
9.725981100e+01 3.466544846e+00 4.450089324e-07 -1.168972745e-07 4.601064254e-07 -2.568816133e-01 5.157592260e+01
9.726056000e+01 3.476538426e+00 9.479321631e-07 1.569433047e-09 9.479334623e-07 1.655637053e-03 5.162731030e+01
9.726134300e+01 3.486985653e+00 2.217422387e-07 3.724761778e-07 4.334837061e-07 1.033825663e+00 5.167633820e+01
9.726206900e+01 3.496672355e+00 5.908270738e-07 -4.232161821e-07 7.267658274e-07 -6.215895491e-01 5.172766290e+01
9.726286800e+01 3.507333063e+00 -1.839019305e-07 9.339757833e-07 9.519089683e-07 -1.376381142e+00 5.177771060e+01
9.726360700e+01 3.517193218e+00 2.310580862e-07 -1.251642945e-06 1.272791382e-06 -1.388247644e+00 5.182571700e+01
9.726434100e+01 3.526986660e+00 7.831596844e-07 -2.108893423e-07 8.110569684e-07 -2.630407566e-01 5.187801330e+01
9.726512200e+01 3.537407202e+00 8.831152379e-07 4.194224360e-07 9.776541839e-07 4.433953938e-01 5.192846850e+01
9.726585100e+01 3.547133931e+00 -9.793514091e-08 2.865765553e-07 3.028488301e-07 -1.241497484e+00 5.197830370e+01
9.726665100e+01 3.557807982e+00 1.539585633e-07 -9.036953808e-07 9.167161941e-07 -1.402050906e+00 5.202794090e+01
9.726738600e+01 3.567614766e+00 -3.619351290e-07 -3.073462056e-07 4.748249443e-07 7.040148218e-01 5.207906370e+01
9.726812900e+01 3.577528291e+00 1.004701021e-07 4.448895907e-07 4.560931805e-07 1.348690552e+00 5.212855770e+01
9.726885900e+01 3.587268363e+00 -2.047027656e-07 -2.792055574e-07 3.462065359e-07 9.381592417e-01 5.217884320e+01
9.726963800e+01 3.597662220e+00 -1.697710360e-07 -8.565194348e-08 1.901537801e-07 4.672526557e-01 5.222944650e+01
9.727036300e+01 3.607335579e+00 1.244931625e-07 1.000485081e-07 1.597130286e-07 6.769605336e-01 5.227837960e+01
9.727111100e+01 3.617315817e+00 -5.404798775e-08 4.723987475e-07 4.754805586e-07 -1.456879868e+00 5.232832300e+01
9.727186600e+01 3.627389452e+00 -8.169609663e-07 -1.039168578e-06 1.321853454e-06 9.045466903e-01 5.237965430e+01
9.727260700e+01 3.637276292e+00 -7.206726206e-07 -1.696690859e-07 7.403760023e-07 2.312209041e-01 5.242951620e+01
9.727339800e+01 3.647830260e+00 -5.877625713e-07 -3.109204589e-07 6.649333591e-07 4.865696573e-01 5.247946100e+01
9.727411200e+01 3.657356851e+00 1.058557103e-06 5.641077310e-07 1.199483502e-06 4.896218457e-01 5.252989530e+01
9.727489300e+01 3.667777393e+00 2.229998241e-07 -4.155669201e-07 4.716193239e-07 -1.078286840e+00 5.257968710e+01
9.727562100e+01 3.677490779e+00 -5.064159239e-07 -4.357488576e-07 6.680824462e-07 7.105333470e-01 5.263073680e+01
9.727636200e+01 3.687377619e+00 6.784604489e-08 1.828026677e-08 7.026559586e-08 2.631874535e-01 5.268015480e+01
9.727710900e+01 3.697344514e+00 1.060275263e-06 -2.543039264e-07 1.090345872e-06 -2.354003846e-01 5.273061040e+01
9.727791200e+01 3.708058593e+00 -5.657539265e-07 9.819541372e-07 1.133274650e-06 -1.048097418e+00 5.278264890e+01
9.727866500e+01 3.718105544e+00 5.814428596e-07 3.130812030e-07 6.603753771e-07 4.939368174e-01 5.283028820e+01
9.727936300e+01 3.727418653e+00 -1.010514580e-06 -6.374422938e-07 1.194768762e-06 5.627660982e-01 5.288161410e+01
9.728014300e+01 3.737825853e+00 5.333133796e-08 1.028821834e-06 1.030203183e-06 1.519005391e+00 5.293089300e+01
9.728087800e+01 3.747632637e+00 -6.332461443e-07 1.896713511e-06 1.999630672e-06 -1.248567402e+00 5.298273780e+01
9.728167600e+01 3.758280003e+00 -8.155534541e-07 -4.552459297e-07 9.340108635e-07 5.091207220e-01 5.303115010e+01
9.728238300e+01 3.767713196e+00 -5.641065316e-07 4.846081810e-07 7.436808913e-07 -7.097373625e-01 5.308246250e+01
9.728313500e+01 3.777746804e+00 -9.328141510e-08 -1.826005665e-07 2.050472855e-07 1.098506807e+00 5.313347430e+01
9.728393400e+01 3.788407512e+00 -3.419954731e-07 -7.175517458e-07 7.948845271e-07 1.126031634e+00 5.318360440e+01
9.728469000e+01 3.798494490e+00 -2.918539764e-07 5.652537710e-08 2.972774155e-07 -1.913083414e-01 5.323401570e+01
9.728543800e+01 3.808474728e+00 -9.272668619e-09 1.911367950e-07 1.913615865e-07 -1.522321075e+00 5.328182120e+01
9.728615700e+01 3.818068032e+00 -5.264131516e-07 1.762286803e-07 5.551282320e-07 -3.230453019e-01 5.333267430e+01
9.728689700e+01 3.827941529e+00 -6.925271748e-07 -1.215971777e-07 7.031214415e-07 1.738129378e-01 5.338452390e+01
9.728767000e+01 3.838255331e+00 -1.006959518e-06 -2.864068383e-07 1.046898442e-06 2.771094567e-01 5.343435840e+01
9.728840500e+01 3.848062115e+00 7.338409855e-07 2.970864194e-07 7.916962376e-07 3.846697481e-01 5.348260270e+01
9.728912300e+01 3.857642076e+00 1.091831842e-06 -1.794850890e-07 1.106486181e-06 -1.629317044e-01 5.353366430e+01
9.728989500e+01 3.867942535e+00 -2.209356328e-07 -3.411133042e-07 4.064121556e-07 9.960468114e-01 5.358466070e+01
9.729066300e+01 3.878189624e+00 2.939883333e-07 2.031267357e-07 3.573368312e-07 6.046159124e-01 5.363427820e+01
9.729143200e+01 3.888450056e+00 1.687971120e-07 2.452177666e-07 2.976981997e-07 9.679279752e-01 5.368363640e+01
9.729218200e+01 3.898456979e+00 -3.543968128e-08 -9.123647443e-07 9.130527901e-07 1.531972081e+00 5.373367020e+01
9.729290300e+01 3.908076967e+00 5.404636854e-07 2.997707076e-07 6.180319348e-07 5.064098293e-01 5.378630870e+01
9.729368900e+01 3.918564222e+00 -5.746853619e-07 -7.391423948e-07 9.362663857e-07 9.099244453e-01 5.383483370e+01
9.729442200e+01 3.928344321e+00 -2.927847215e-07 3.753127916e-07 4.760069166e-07 -9.083025406e-01 5.388604990e+01
9.729519700e+01 3.938684808e+00 6.815849221e-08 -2.127280437e-07 2.233803945e-07 -1.260728759e+00 5.393617540e+01
9.729593700e+01 3.948558306e+00 5.058839839e-07 2.258868133e-07 5.540247806e-07 4.199553604e-01 5.398563000e+01
9.729669500e+01 3.958671969e+00 -4.229283228e-07 -1.369266465e-06 1.433094211e-06 1.271219920e+00 5.403782900e+01
9.729747600e+01 3.969092511e+00 -1.318862296e-06 7.906092439e-07 1.537680309e-06 -5.400246068e-01 5.408662500e+01
9.729820400e+01 3.978805898e+00 -8.277856765e-07 2.015405109e-07 8.519669616e-07 -2.388228676e-01 5.413740920e+01
9.729896400e+01 3.988946246e+00 1.375859643e-07 -5.536740298e-07 5.705127771e-07 -1.327233383e+00 5.418609590e+01
9.729966800e+01 3.998339411e+00 -4.278231308e-07 -2.883139063e-07 5.159045840e-07 5.929998586e-01 5.423736090e+01
9.730048700e+01 4.009266971e+00 -4.142775502e-08 -8.102466475e-07 8.113050528e-07 1.519711005e+00 5.428669060e+01
9.730118500e+01 4.018580080e+00 3.772894256e-07 4.808690082e-07 6.112138037e-07 9.055169340e-01 5.433737890e+01
9.730196000e+01 4.028920567e+00 -6.524667516e-07 -2.531297002e-07 6.998482029e-07 3.700824397e-01 5.438740510e+01
9.730271900e+01 4.039047573e+00 8.165693577e-07 7.622335106e-08 8.201192079e-07 9.307612549e-02 5.443827950e+01
9.730347900e+01 4.049187922e+00 1.066872039e-06 -6.180063917e-07 1.232942760e-06 -5.250369736e-01 5.448883360e+01
9.730423900e+01 4.059328270e+00 -4.635230849e-07 1.275013525e-06 1.356655129e-06 -1.222107201e+00 5.453855090e+01
9.730499700e+01 4.069441934e+00 -4.080765805e-08 -8.985948733e-08 9.869139993e-08 1.144515333e+00 5.458933740e+01
9.730572100e+01 4.079101950e+00 2.247239816e-07 -8.289047296e-07 8.588270598e-07 -1.306050629e+00 5.463910100e+01
9.730648100e+01 4.089242298e+00 6.529435186e-07 3.204312112e-07 7.273316985e-07 4.562192511e-01 5.468877880e+01
9.730722500e+01 4.099169166e+00 -2.198633569e-07 7.455274745e-07 7.772715812e-07 -1.284015960e+00 5.473888760e+01
9.730795400e+01 4.108895895e+00 -3.702692563e-07 -9.073781811e-07 9.800175946e-07 1.183356776e+00 5.478883060e+01
9.730872800e+01 4.119223039e+00 -9.435728934e-08 -5.860600033e-07 5.936072991e-07 1.411163469e+00 5.483928450e+01
9.730946500e+01 4.129056509e+00 9.995825225e-07 -2.911721096e-07 1.041127474e-06 -2.834503654e-01 5.489013050e+01
9.731024300e+01 4.139437023e+00 1.852794574e-07 5.929182518e-08 1.945353383e-07 3.097146889e-01 5.493913930e+01
9.731096900e+01 4.149123725e+00 7.789209558e-07 -8.937312501e-08 7.840315114e-07 -1.142400765e-01 5.499028640e+01
9.731170200e+01 4.158903824e+00 -1.109734893e-06 -6.581999499e-07 1.290247537e-06 5.353413122e-01 5.504019990e+01
9.731248800e+01 4.169391079e+00 -4.730680204e-07 2.171298926e-08 4.735660523e-07 -4.586604962e-02 5.509048890e+01
9.731325500e+01 4.179624826e+00 -8.954230234e-07 -5.316761797e-08 8.970001039e-07 5.930746155e-02 5.514171570e+01
9.731399800e+01 4.189538351e+00 5.540758334e-07 2.176480394e-07 5.952904318e-07 3.742951386e-01 5.519115690e+01
9.731474400e+01 4.199491903e+00 -5.559019410e-07 1.510595800e-07 5.760607301e-07 -2.653308632e-01 5.524115690e+01
9.731549500e+01 4.209512169e+00 8.960461189e-08 7.237299266e-07 7.292557803e-07 1.447613727e+00 5.529097060e+01
9.731625900e+01 4.219705887e+00 -4.350274102e-08 3.760162478e-10 4.350436604e-08 -8.643291787e-03 5.534198690e+01
9.731701500e+01 4.229792866e+00 -6.849372838e-08 -5.478322845e-07 5.520974577e-07 1.446414925e+00 5.539358950e+01
9.731777400e+01 4.239919871e+00 -5.244329193e-07 -5.073598626e-07 7.296875476e-07 7.688526912e-01 5.544288710e+01
9.731854200e+01 4.250166961e+00 5.475522214e-07 7.154875545e-07 9.009638593e-07 9.175840827e-01 5.549266130e+01
9.731927900e+01 4.260000430e+00 -9.633050507e-07 -4.213996698e-07 1.051443913e-06 4.123701077e-01 5.554387740e+01
9.732004200e+01 4.270180806e+00 -3.058115556e-07 6.368000076e-07 7.064240633e-07 -1.123088049e+00 5.559346630e+01
9.732078200e+01 4.280054303e+00 7.611540381e-07 -2.761020740e-07 8.096837809e-07 -3.479803256e-01 5.564325550e+01
9.732154600e+01 4.290248022e+00 -9.930103342e-07 -2.672875815e-07 1.028354110e-06 2.629371202e-01 5.569396290e+01
9.732228100e+01 4.300054807e+00 -2.304571798e-07 -4.353920320e-07 4.926223028e-07 1.083976902e+00 5.574383970e+01
9.732305700e+01 4.310408636e+00 3.440752568e-07 5.880366374e-08 3.490639672e-07 1.692681427e-01 5.579415110e+01
9.732378200e+01 4.320081995e+00 2.594937902e-07 -4.192071412e-07 4.930229755e-07 -1.016515376e+00 5.584351830e+01
9.732454700e+01 4.330289056e+00 -7.286619164e-08 -1.787294582e-07 1.930121787e-07 1.183678370e+00 5.589473850e+01
9.732529900e+01 4.340322664e+00 6.494376319e-07 -6.069693853e-08 6.522678560e-07 -9.319005939e-02 5.594301900e+01
9.732602600e+01 4.350022708e+00 9.131323691e-07 4.688598769e-07 1.026469828e-06 4.743600749e-01 5.599440800e+01
9.732680900e+01 4.360469936e+00 7.710653946e-07 1.721152904e-07 7.900414647e-07 2.196171878e-01 5.604613640e+01
9.732757900e+01 4.370743710e+00 4.917974677e-07 7.077921151e-08 4.968646154e-07 1.429379414e-01 5.609433830e+01
9.732828900e+01 4.380216930e+00 9.343170166e-07 2.256337370e-07 9.611757752e-07 2.369589370e-01 5.614977280e+01
9.732914300e+01 4.391611479e+00 2.144989783e-07 -6.264688563e-07 6.621729680e-07 -1.240913742e+00 5.619601710e+01
9.732983400e+01 4.400831191e+00 -5.357349962e-07 4.638745131e-07 7.086547468e-07 -7.136330651e-01 5.624578940e+01
9.733055400e+01 4.410437837e+00 -8.051047602e-07 7.229647005e-07 1.082068220e-06 -7.316957082e-01 5.629574770e+01
9.733130800e+01 4.420498130e+00 8.817970821e-08 1.302929283e-07 1.573273914e-07 9.758245098e-01 5.634684000e+01
9.733208600e+01 4.430878645e+00 -6.274961543e-07 2.330976895e-07 6.693922291e-07 -3.556746608e-01 5.639569820e+01
9.733283200e+01 4.440832197e+00 1.455860548e-07 -1.454085415e-06 1.461355431e-06 -1.471006805e+00 5.644833030e+01
9.733360500e+01 4.451145999e+00 9.478566000e-07 -6.358878534e-07 1.141396292e-06 -5.909064488e-01 5.649610910e+01
9.733429600e+01 4.460365711e+00 -2.227053680e-07 3.670002538e-07 4.292864629e-07 -1.025372677e+00 5.654544520e+01
9.733504000e+01 4.470292578e+00 2.155310740e-07 -1.079046690e-07 2.410333202e-07 -4.641639005e-01 5.659689580e+01
9.733581900e+01 4.480686435e+00 3.335827843e-07 1.365580666e-07 3.604519101e-07 3.885559315e-01 5.664841360e+01
9.733662000e+01 4.491373829e+00 -1.986613179e-07 -3.623849092e-08 2.019394648e-07 1.804296324e-01 5.669777390e+01
9.733732200e+01 4.500740309e+00 -4.429861209e-07 -1.672984443e-07 4.735245218e-07 3.611012876e-01 5.674756650e+01
9.733809600e+01 4.511067453e+00 8.485259411e-07 -5.324234145e-07 1.001733979e-06 -5.603725447e-01 5.679701860e+01
9.733884200e+01 4.521021006e+00 3.470450055e-07 -5.676094198e-07 6.652974442e-07 -1.022025578e+00 5.684916860e+01
9.733960700e+01 4.531228067e+00 5.807939767e-07 -3.438029898e-07 6.749238026e-07 -5.344819000e-01 5.689851070e+01
9.734038500e+01 4.541608582e+00 -4.882082217e-07 3.737037779e-07 6.148184946e-07 -6.533221965e-01 5.694878080e+01
9.734112400e+01 4.551468736e+00 -6.148897148e-07 -4.509976058e-07 7.625537370e-07 6.328318298e-01 5.699895980e+01
9.734191200e+01 4.561982677e+00 -1.444250821e-06 8.604894947e-08 1.446811963e-06 -5.950998621e-02 5.704984280e+01
9.734264100e+01 4.571709406e+00 -5.749642256e-07 -7.824496314e-08 5.802638495e-07 1.352557874e-01 5.710016050e+01
9.734340100e+01 4.581849754e+00 3.261386221e-08 2.612407365e-07 2.632686582e-07 1.446596730e+00 5.715050320e+01
9.734414500e+01 4.591776622e+00 -4.503193373e-07 -1.510669564e-06 1.576359742e-06 1.281090407e+00 5.720035170e+01
9.734492100e+01 4.602130451e+00 1.236175904e-08 -8.793958555e-07 8.794827365e-07 -1.556740149e+00 5.725086330e+01
9.734566200e+01 4.612017291e+00 -1.267108787e-07 7.525170589e-07 7.631104577e-07 -1.403978430e+00 5.730130470e+01
9.734641900e+01 4.622117612e+00 4.782824722e-07 2.095400017e-07 5.221696425e-07 4.129217441e-01 5.735101060e+01
9.734716800e+01 4.632111192e+00 2.024760537e-07 -2.710111619e-07 3.382951406e-07 -9.291452431e-01 5.740175790e+01
9.734792500e+01 4.642211513e+00 -2.681205744e-07 -1.826569389e-07 3.244259542e-07 5.980304051e-01 5.745190520e+01
9.734867200e+01 4.652178408e+00 -9.939482759e-07 1.532471310e-06 1.826581914e-06 -9.954117132e-01 5.750132110e+01
9.734942700e+01 4.662252044e+00 -3.648167208e-07 1.194222206e-06 1.248702493e-06 -1.274315241e+00 5.754992780e+01
9.735011500e+01 4.671431728e+00 8.788405269e-08 3.033317674e-07 3.158065354e-07 1.288788769e+00 5.760191330e+01
9.735088700e+01 4.681732187e+00 -3.503194054e-07 -1.385874749e-07 3.767362127e-07 3.767102879e-01 5.765124820e+01
9.735161500e+01 4.691445573e+00 8.889803718e-07 -8.664056036e-07 1.241347965e-06 -7.725385849e-01 5.770178830e+01
9.735238600e+01 4.701732690e+00 -8.986884276e-07 9.912993704e-07 1.338026656e-06 -8.343598167e-01 5.775146660e+01
9.735314000e+01 4.711792983e+00 -6.113160612e-07 -1.400087803e-07 6.271441503e-07 2.251454713e-01 5.780204310e+01
9.735387800e+01 4.721639795e+00 4.099584609e-07 2.182825294e-07 4.644493538e-07 4.892696369e-01 5.785282370e+01
9.735463700e+01 4.731766801e+00 5.709869692e-08 -7.524372978e-07 7.546006549e-07 -1.495056497e+00 5.790270430e+01
9.735540900e+01 4.742067260e+00 5.445033113e-07 -3.085576136e-07 6.258527438e-07 -5.155569830e-01 5.795373120e+01
9.735617600e+01 4.752301007e+00 3.907906279e-07 -1.872632879e-07 4.333414979e-07 -4.468621250e-01 5.800283540e+01
9.735691600e+01 4.762174504e+00 -6.279465342e-07 9.891746087e-08 6.356897937e-07 -1.562413977e-01 5.805375760e+01
9.735763700e+01 4.771794493e+00 -1.296051244e-06 -5.000896155e-07 1.389186255e-06 3.682544401e-01 5.810262400e+01
9.735840000e+01 4.781974869e+00 1.842671521e-07 -3.291551480e-08 1.871839054e-07 -1.767649513e-01 5.815366240e+01
9.735917300e+01 4.792288671e+00 -5.843454412e-07 -1.525156684e-07 6.039210410e-07 2.553069271e-01 5.820316470e+01
9.735988300e+01 4.801761891e+00 -3.070973272e-07 8.374541517e-07 8.919855518e-07 -1.219319108e+00 5.825442050e+01
9.736069400e+01 4.812582710e+00 1.873706354e-07 -4.025005055e-07 4.439756884e-07 -1.135114045e+00 5.830353960e+01
9.736140600e+01 4.822082616e+00 -4.094409138e-07 9.213081738e-07 1.008191754e-06 -1.152598632e+00 5.835554270e+01
9.736219800e+01 4.832649926e+00 1.239756154e-07 4.264222154e-07 4.440786630e-07 1.287861591e+00 5.840517060e+01
9.736295500e+01 4.842750247e+00 9.745237683e-07 -3.947870749e-07 1.051452999e-06 -3.849017903e-01 5.845531860e+01
9.736367000e+01 4.852290180e+00 -6.864155614e-07 4.587877989e-07 8.256225332e-07 -5.891891951e-01 5.850649160e+01
9.736446300e+01 4.862870833e+00 -1.413989609e-06 -6.586965072e-07 1.559887081e-06 4.359501975e-01 5.855487410e+01
9.736517600e+01 4.872384081e+00 -6.128890925e-07 6.660800990e-07 9.051495666e-07 -8.269631765e-01 5.860607780e+01
9.736594300e+01 4.882617828e+00 -5.556122826e-07 1.516718808e-08 5.558192621e-07 -2.729137343e-02 5.865611060e+01
9.736671700e+01 4.892944972e+00 -4.032555365e-07 -9.429432011e-08 4.141333680e-07 2.297054383e-01 5.870679170e+01
9.736745900e+01 4.902845154e+00 2.075291843e-07 -3.067542949e-07 3.703600407e-07 -9.759947426e-01 5.875558000e+01
9.736818800e+01 4.912571883e+00 3.873159259e-07 -2.686585116e-07 4.713714271e-07 -6.064459497e-01 5.880713170e+01
9.736897500e+01 4.923072481e+00 7.270588998e-07 4.343413454e-07 8.469161990e-07 5.385018515e-01 5.885762720e+01
9.736971700e+01 4.932972663e+00 -1.204679296e-07 1.375637152e-06 1.380901914e-06 -1.483446705e+00 5.890677880e+01
9.737046900e+01 4.943006271e+00 -2.050505956e-06 1.467292162e-06 2.521412493e-06 -6.211031211e-01 5.895744170e+01
9.737119800e+01 4.952733000e+00 4.600183975e-07 -7.867843131e-07 9.113980916e-07 -1.041716426e+00 5.900848650e+01
9.737198900e+01 4.963286968e+00 1.704948823e-07 -2.035585247e-08 1.717057530e-07 -1.188302511e-01 5.905783960e+01
9.737272000e+01 4.973040382e+00 -3.980069014e-07 2.631394086e-08 3.988758166e-07 -6.601820405e-02 5.910750760e+01
9.737344400e+01 4.982700399e+00 -1.347127684e-07 1.518182093e-07 2.029687134e-07 -8.450257949e-01 5.915646890e+01
9.737410600e+01 4.991533176e+00 6.833282701e-07 -4.401567036e-07 8.128194440e-07 -5.722422263e-01 5.920754260e+01
9.737458100e+01 4.997870894e+00 4.188221294e-07 -4.180401115e-07 5.917512238e-07 -7.844636994e-01 5.925893250e+01
9.737472300e+01 4.999765538e+00 -4.901326812e-07 -1.237057473e-07 5.055028755e-07 2.472290316e-01 6.136668760e+01
9.738704100e+01 5.164119239e+00 1.481300716e-06 6.895802149e-07 1.633943905e-06 4.356879732e-01 6.166743860e+01
9.741237600e+01 5.502153093e+00 -1.024908746e-06 -9.142442258e-07 1.373419252e-06 7.283915124e-01 6.196908620e+01
9.743527300e+01 5.807657776e+00 -6.566970843e-08 8.858439045e-07 8.882746950e-07 -1.496799311e+00 6.227040020e+01
9.745775800e+01 6.107665324e+00 -6.278002057e-07 -9.025367470e-07 1.099411514e-06 9.630327430e-01 6.257116820e+01
9.748076200e+01 6.414597661e+00 7.429805192e-07 2.031981009e-07 7.702658762e-07 2.669622838e-01 6.287381220e+01
9.750225700e+01 6.701396070e+00 -5.550407619e-07 -1.047747985e-08 5.551396445e-07 1.887471394e-02 6.317439630e+01
9.752646700e+01 7.024419540e+00 6.008271869e-07 2.461191261e-07 6.492826293e-07 3.887836937e-01 6.352628650e+01
9.757129100e+01 7.622486620e+00 -1.497637332e-06 2.803563950e-07 1.523652614e-06 -1.850572755e-01 6.412897230e+01
9.759655300e+01 7.959546467e+00 6.428636444e-07 -1.874689874e-07 6.696404159e-07 -2.837469308e-01 6.442910560e+01
9.761926400e+01 8.262569434e+00 9.144721144e-07 4.411312273e-07 1.015310794e-06 4.494597553e-01 6.473076170e+01
9.764168400e+01 8.561709715e+00 1.514594046e-06 -3.773997717e-07 1.560905414e-06 -2.442025395e-01 6.503355040e+01
9.766769800e+01 8.908803169e+00 -2.902455624e-07 -8.662106989e-07 9.135444496e-07 1.247479079e+00 6.538271700e+01
9.769070500e+01 9.215775535e+00 -4.661246135e-07 1.310785443e-07 4.842042339e-07 -2.741296707e-01 6.568596380e+01
9.771273000e+01 9.509645503e+00 4.295005111e-07 -1.892375231e-08 4.299171983e-07 -4.403142875e-02 6.598654020e+01
9.773540300e+01 9.812161452e+00 7.528864783e-07 5.885823707e-07 9.556501747e-07 6.635244277e-01 6.628771460e+01
9.774989100e+01 1.000546852e+01 -3.502390447e-07 -6.942987091e-08 3.570544712e-07 1.956985124e-01 6.658944940e+01
9.774966800e+01 1.000249312e+01 -5.889583869e-07 5.904414622e-08 5.919106290e-07 -9.991796632e-02 6.689057370e+01
