2.336799710e+02 -3.869343506e-04 6.712274283e-05 3.461173318e-05 7.552108764e-05 4.760877947e-01 5.239439700e+01
2.336799670e+02 -4.403046057e-04 9.735454674e-05 5.067810562e-05 1.097550826e-04 4.799537156e-01 5.259489510e+01
2.336800310e+02 4.136194781e-04 9.492627170e-05 2.673559615e-05 9.861941573e-05 2.745343015e-01 5.274645460e+01
2.336804320e+02 5.763987565e-03 1.096173063e-04 1.316131148e-05 1.104045921e-04 1.194939885e-01 5.294696850e+01
2.336819380e+02 2.585788866e-02 8.372016760e-05 2.879639679e-05 8.853416815e-05 3.312839573e-01 5.309651330e+01
2.336823530e+02 3.139505264e-02 3.322889273e-05 3.352603047e-05 4.720332648e-05 7.898493074e-01 5.329801980e+01
2.336826990e+02 3.601157972e-02 8.356676282e-05 4.692905751e-05 9.584226775e-05 5.116869912e-01 5.344758270e+01
2.336834190e+02 4.561822566e-02 6.633382122e-05 2.485505670e-05 7.083748782e-05 3.585046417e-01 5.364908250e+01
2.336838330e+02 5.114204708e-02 5.042226028e-05 -6.809576818e-06 5.088000264e-05 -1.342388176e-01 5.379864050e+01
2.336843880e+02 5.854716999e-02 1.002744868e-04 -2.737194634e-05 1.039432352e-04 -2.664781410e-01 5.400014360e+01
2.336849240e+02 6.569878419e-02 7.438742999e-05 6.787274422e-06 7.469643120e-05 9.099027805e-02 5.415073150e+01
2.336854910e+02 7.326401787e-02 5.963623250e-05 1.910662390e-05 6.262222691e-05 3.100532013e-01 5.435221490e+01
2.336860020e+02 8.008206798e-02 1.150589998e-04 -2.971166622e-06 1.150973556e-04 -2.581724572e-02 5.450275520e+01
2.336865210e+02 8.700685859e-02 1.208397064e-04 4.038995534e-05 1.274110793e-04 3.225699938e-01 5.470222610e+01
2.336870750e+02 9.439863894e-02 7.147363683e-05 -2.840049233e-06 7.153004013e-05 -3.971472611e-02 5.485482320e+01
2.336875620e+02 1.008964675e-01 9.928410751e-05 1.142047272e-05 9.993878727e-05 1.145248640e-01 5.505532180e+01
2.336881090e+02 1.081948499e-01 8.719950297e-05 5.413643665e-05 1.026377469e-04 5.555980985e-01 5.520587940e+01
2.336886120e+02 1.149061595e-01 6.091654952e-05 3.469882876e-05 7.010588223e-05 5.177760134e-01 5.540738090e+01
2.336891620e+02 1.222445696e-01 9.932518856e-05 9.626949006e-07 9.932985384e-05 9.692050631e-03 5.555694570e+01
2.336896870e+02 1.292494156e-01 5.171140797e-05 2.647069140e-05 5.809274668e-05 4.731164277e-01 5.575839770e+01
2.336902150e+02 1.362942893e-01 1.447596169e-05 4.031822635e-05 4.283821709e-05 1.226088542e+00 5.590899610e+01
2.336907120e+02 1.429255435e-01 4.142197704e-05 3.238678663e-05 5.258026369e-05 6.635906645e-01 5.610949020e+01
2.336912610e+02 1.502506110e-01 1.117353531e-04 6.010889969e-05 1.268773776e-04 4.935507390e-01 5.626005760e+01
2.336917600e+02 1.569085504e-01 7.434074842e-05 2.722810050e-05 7.917017325e-05 3.510869625e-01 5.646056970e+01
2.336923150e+02 1.643136733e-01 6.706464348e-05 -6.176808608e-06 6.734849196e-05 -9.184319830e-02 5.661212420e+01
2.336928200e+02 1.710516680e-01 8.423407495e-05 1.638957467e-05 8.581373748e-05 1.921707197e-01 5.681161840e+01
2.336933680e+02 1.783633930e-01 5.698826450e-05 2.699638277e-05 6.305923385e-05 4.424020504e-01 5.696220290e+01
2.336938730e+02 1.851013877e-01 5.501389901e-05 -1.560790888e-05 5.718510211e-05 -2.764442407e-01 5.716467390e+01
2.336944360e+02 1.926132511e-01 6.253350690e-05 2.359635462e-05 6.683732068e-05 3.608200530e-01 5.731523490e+01
2.336949270e+02 1.991644500e-01 6.766565362e-05 5.743935818e-06 6.790900882e-05 8.468400572e-02 5.751474290e+01
2.336954700e+02 2.064094621e-01 5.169630615e-05 8.247459743e-05 9.733738896e-05 1.010892983e+00 5.766530890e+01
2.336959690e+02 2.130674014e-01 6.619163608e-05 5.557567612e-05 8.642909501e-05 6.984356994e-01 5.786682780e+01
2.336965340e+02 2.206059500e-01 9.417629432e-05 5.018238374e-05 1.067119771e-04 4.895854629e-01 5.801736830e+01
2.336970400e+02 2.273572873e-01 9.813792367e-05 5.902502639e-05 1.145207658e-04 5.414847867e-01 5.821885910e+01
2.336975580e+02 2.342687353e-01 1.017810897e-04 4.972197247e-05 1.132769384e-04 4.544205080e-01 5.836843040e+01
2.336980850e+02 2.413002665e-01 1.345570552e-04 4.999909893e-05 1.435461981e-04 3.557714842e-01 5.856897030e+01
2.336986270e+02 2.485319360e-01 1.688064347e-04 8.708830679e-05 1.899473232e-04 4.762915407e-01 5.872048400e+01
2.336991290e+02 2.552299031e-01 1.552843475e-04 3.822609573e-05 1.599201769e-04 2.413691908e-01 5.891997070e+01
2.336996780e+02 2.625549706e-01 1.146275643e-04 2.294462463e-05 1.169013871e-04 1.975558712e-01 5.907253350e+01
2.337001970e+02 2.694797612e-01 1.288415818e-04 9.232498767e-05 1.585056988e-04 6.217654220e-01 5.927204720e+01
2.337007430e+02 2.767648011e-01 1.526107095e-04 1.210425666e-04 1.947853474e-04 6.705476496e-01 5.942359560e+01
2.337012560e+02 2.836095363e-01 1.514617608e-04 7.554858055e-05 1.692579481e-04 4.626842630e-01 5.962311010e+01
2.337018120e+02 2.910280018e-01 1.733307160e-04 8.462337683e-05 1.928850772e-04 4.541785988e-01 5.977367800e+01
2.337022990e+02 2.975258304e-01 1.957543431e-04 9.514635371e-05 2.176524557e-04 4.524252729e-01 5.997616500e+01
2.337028540e+02 3.049309533e-01 2.977086622e-04 1.272135765e-04 3.237495044e-04 4.038247241e-01 6.012672070e+01
2.337033680e+02 3.117890311e-01 3.750538591e-04 1.583477929e-04 4.071110669e-04 3.994967552e-01 6.032721760e+01
2.337039130e+02 3.190607283e-01 3.372766986e-04 1.760555704e-04 3.804617396e-04 4.810856317e-01 6.047777450e+01
2.337044170e+02 3.257853805e-01 3.888982054e-04 1.982841852e-04 4.365299901e-04 4.715055739e-01 6.067828930e+01
2.337049620e+02 3.330570778e-01 4.613929246e-04 2.849737800e-04 5.423038689e-04 5.532877317e-01 6.082883690e+01
2.337054640e+02 3.397550448e-01 4.817218707e-04 3.083942546e-04 5.719816229e-04 5.694490446e-01 6.103034900e+01
2.337059990e+02 3.468933164e-01 5.726522417e-04 3.121163538e-04 6.521864827e-04 4.990244506e-01 6.118090010e+01
2.337065040e+02 3.536313112e-01 5.350345782e-04 2.695126944e-04 5.990818745e-04 4.666267466e-01 6.133149150e+01
2.337069290e+02 3.593019008e-01 4.614584299e-04 2.235603817e-04 5.127603015e-04 4.511424160e-01 6.148109830e+01
2.337074210e+02 3.658664422e-01 4.055733229e-04 2.322036885e-04 4.673417092e-04 5.199775023e-01 6.163368430e+01
2.337078250e+02 3.712568380e-01 3.685101789e-04 1.785937994e-04 4.095064067e-04 4.512821350e-01 6.178428660e+01
2.337082710e+02 3.772076214e-01 2.916111218e-04 1.879516805e-04 3.469335391e-04 5.725192056e-01 6.193389410e+01
2.337087820e+02 3.840256715e-01 2.260868489e-04 1.359647095e-04 2.638212756e-04 5.414355384e-01 6.213434800e+01
2.337093290e+02 3.913240539e-01 2.324767737e-04 1.269788004e-04 2.648944432e-04 4.999210195e-01 6.228394650e+01
2.337098220e+02 3.979019379e-01 1.858154554e-04 8.526798070e-05 2.044456211e-04 4.302183270e-01 6.248544030e+01
2.337103810e+02 4.053604310e-01 8.875150024e-05 8.390267368e-05 1.221330727e-04 7.573215043e-01 6.263600360e+01
2.337108820e+02 4.120450555e-01 1.464509005e-04 4.232074092e-05 1.524431415e-04 2.813122576e-01 6.283750630e+01
2.337114270e+02 4.193167528e-01 1.770823872e-04 7.393424873e-05 1.918969645e-04 3.955122794e-01 6.298907180e+01
2.337119260e+02 4.259746921e-01 1.388271380e-04 2.650051438e-05 1.413338300e-04 1.886194206e-01 6.318956070e+01
2.337124910e+02 4.335132407e-01 1.498622066e-04 1.245488580e-05 1.503788720e-04 8.291835987e-02 6.333912590e+01
2.337129980e+02 4.402779205e-01 1.046776208e-04 6.323721337e-05 1.222961547e-04 5.434389906e-01 6.353963430e+01
2.337135330e+02 4.474161922e-01 9.879080162e-05 3.924139093e-05 1.062991498e-04 3.781049836e-01 6.369018720e+01
2.337140370e+02 4.541408443e-01 1.192747249e-04 2.472001811e-05 1.218094384e-04 2.043595592e-01 6.384177770e+01
2.337144240e+02 4.593044165e-01 5.598443391e-05 5.967245993e-05 8.182334211e-05 8.172750074e-01 6.399239360e+01
2.337149310e+02 4.660690964e-01 1.225033507e-04 4.200456215e-05 1.295046493e-04 3.303222870e-01 6.414297470e+01
2.337153260e+02 4.713394091e-01 9.888476816e-05 2.134035547e-05 1.011612977e-04 2.125505683e-01 6.429357270e+01
2.337157860e+02 4.774769884e-01 8.605504167e-05 6.393867015e-06 8.629224608e-05 7.416346599e-02 6.444417080e+01
2.337162800e+02 4.840682150e-01 8.784287121e-05 3.766979305e-05 9.557919926e-05 4.051115083e-01 6.459476620e+01
2.337166770e+02 4.893652128e-01 7.698319935e-05 -6.411213724e-06 7.724970320e-05 -8.308894833e-02 6.474540650e+01
2.337171790e+02 4.960631798e-01 8.898392644e-05 5.803184567e-05 1.062348073e-04 5.778928710e-01 6.489496630e+01
2.337175780e+02 5.013868628e-01 8.409367360e-05 -1.159004983e-05 8.488860462e-05 -1.369602422e-01 6.504657250e+01
2.337180540e+02 5.077379231e-01 8.438137128e-05 1.688175901e-05 8.605352756e-05 1.974580587e-01 6.519618150e+01
2.337185410e+02 5.142357517e-01 6.763853483e-05 2.149759499e-05 7.097265660e-05 3.077338039e-01 6.534676070e+01
2.337189380e+02 5.195327496e-01 5.997502047e-05 -3.092153311e-05 6.747699082e-05 -4.760286709e-01 6.549839480e+01
2.337194490e+02 5.263507997e-01 3.040373998e-05 3.808078252e-05 4.872918430e-05 8.970310630e-01 6.564894460e+01
2.337198480e+02 5.316744826e-01 4.400292677e-05 2.105450162e-05 4.878062733e-05 4.462835249e-01 6.580054170e+01
2.337202960e+02 5.376519512e-01 7.875217518e-05 6.080811278e-05 9.949639027e-05 6.575240381e-01 6.595118000e+01
2.337208000e+02 5.443766034e-01 1.163633327e-04 5.716302905e-05 1.296458140e-04 4.566199667e-01 6.610073970e+01
2.337212070e+02 5.498070268e-01 1.352578671e-04 1.370014437e-05 1.359499341e-04 1.009448017e-01 6.625234080e+01
2.337217160e+02 5.565983918e-01 1.016477383e-04 3.705232839e-05 1.081902848e-04 3.495485700e-01 6.645283130e+01
2.337222530e+02 5.637633486e-01 6.383586274e-05 1.618994643e-05 6.585690349e-05 2.483812627e-01 6.660339640e+01
2.337227670e+02 5.706214264e-01 1.068304481e-04 2.445387594e-06 1.068584324e-04 2.288636497e-02 6.675399090e+01
2.337231620e+02 5.758917391e-01 4.622440781e-05 -3.753988666e-05 5.954778727e-05 -6.820891902e-01 6.690560170e+01
2.337236230e+02 5.820426610e-01 4.457942325e-05 -6.573444956e-06 4.506145976e-05 -1.463997204e-01 6.705519220e+01
2.337241170e+02 5.886338875e-01 5.133565587e-05 3.470699118e-05 6.196712677e-05 5.944909899e-01 6.720578670e+01
2.337245160e+02 5.939575705e-01 4.785221558e-05 -1.212647932e-06 4.786757829e-05 -2.533609850e-02 6.735741430e+01
2.337250170e+02 6.006421949e-01 5.342246637e-05 7.059724199e-05 8.853208734e-05 9.230071787e-01 6.750698000e+01
2.337254350e+02 6.062193866e-01 7.268902018e-05 3.636628323e-05 8.127853475e-05 4.638872109e-01 6.765757970e+01
2.337258730e+02 6.120634296e-01 6.613819283e-05 4.646466081e-05 8.082836912e-05 6.124279691e-01 6.780718450e+01
2.337263800e+02 6.188281094e-01 6.030147866e-05 2.468793943e-05 6.515951720e-05 3.885907694e-01 6.795777510e+01
2.337267870e+02 6.242585329e-01 1.169675388e-04 5.944428635e-05 1.312060529e-04 4.701954671e-01 6.811036580e+01
2.337272850e+02 6.309031297e-01 9.801491046e-05 3.559040648e-05 1.042765540e-04 3.483079486e-01 6.831086950e+01
2.337278290e+02 6.381614844e-01 1.418296844e-04 2.414815131e-05 1.438707496e-04 1.686444141e-01 6.846142820e+01
2.337283430e+02 6.450195622e-01 7.419971365e-05 -2.706001779e-05 7.898001056e-05 -3.497027500e-01 6.861102590e+01
2.337287350e+02 6.502498472e-01 9.380473481e-05 2.355153788e-05 9.671609592e-05 2.459852988e-01 6.876262540e+01
2.337291890e+02 6.563073711e-01 5.372195887e-05 -1.708230106e-05 5.637245670e-05 -3.078659994e-01 6.891222040e+01
2.337296990e+02 6.631120787e-01 3.849853548e-05 2.491662755e-05 4.585821151e-05 5.744112082e-01 6.906381900e+01
2.337301000e+02 6.684624468e-01 4.621795833e-05 3.998603076e-05 6.111450178e-05 7.132309119e-01 6.921341760e+01
2.337305800e+02 6.748668774e-01 8.442843890e-05 5.310959099e-05 9.974362110e-05 5.615053696e-01 6.936401110e+01
2.337309940e+02 6.803906988e-01 5.242663609e-05 6.271426582e-06 5.280040684e-05 1.190571689e-01 6.951460830e+01
2.337314350e+02 6.862747695e-01 9.762968948e-05 3.395718131e-05 1.033665634e-04 3.347279599e-01 6.966620620e+01
2.337319550e+02 6.932129026e-01 8.750935534e-05 3.252799072e-05 9.335929226e-05 3.558820494e-01 6.986770720e+01
2.337324870e+02 7.003111466e-01 1.141602359e-04 3.684471065e-06 1.142196777e-04 3.226335798e-02 7.001726580e+01
2.337330260e+02 7.075027885e-01 1.036079289e-04 5.047591488e-05 1.152493858e-04 4.533407020e-01 7.021876590e+01
2.337335540e+02 7.145476622e-01 1.007516521e-04 1.195722163e-05 1.014587136e-04 1.181276139e-01 7.036932230e+01
2.337340640e+02 7.213523697e-01 1.277195790e-04 -1.197556680e-05 1.282797921e-04 -9.349118841e-02 7.051992440e+01
2.337344630e+02 7.266760527e-01 5.456221934e-05 5.418755277e-06 5.483063640e-05 9.898872749e-02 7.067052970e+01
2.337349690e+02 7.334273900e-01 1.299627963e-04 9.736596751e-06 1.303270108e-04 7.477864238e-02 7.087002920e+01
2.337355130e+02 7.406857447e-01 1.034723818e-04 1.722948091e-06 1.034867255e-04 1.664974604e-02 7.102257750e+01
2.337360250e+02 7.475171373e-01 7.211165492e-05 2.262428930e-05 7.557743871e-05 3.040138798e-01 7.122310760e+01
2.337365740e+02 7.548422049e-01 7.201251175e-05 2.331653717e-05 7.569321471e-05 3.131321543e-01 7.137363800e+01
2.337370560e+02 7.612733206e-01 1.172585272e-04 2.782815901e-05 1.205154291e-04 2.330123542e-01 7.153221210e+01
2.337375030e+02 7.672374466e-01 5.641820309e-05 1.932788570e-05 5.963707577e-05 3.300515266e-01 7.167583380e+01
2.337379440e+02 7.731215173e-01 7.239870837e-05 2.118994188e-05 7.543597690e-05 2.847314056e-01 7.182542890e+01
2.337384200e+02 7.794725777e-01 9.866304586e-05 4.890775008e-05 1.101197740e-04 4.602055868e-01 7.197503300e+01
2.337388360e+02 7.850230842e-01 9.980667560e-05 -7.163302698e-06 1.000634069e-04 -7.164892218e-02 7.212663460e+01
2.337393310e+02 7.916276533e-01 1.031878050e-04 3.352694547e-05 1.084978303e-04 3.141522109e-01 7.227623070e+01
2.337397280e+02 7.969246511e-01 8.792697321e-05 2.370513118e-05 9.106638162e-05 2.633391793e-01 7.242682530e+01
2.337401800e+02 8.029554900e-01 1.224549418e-04 -5.053585204e-06 1.225591755e-04 -4.124553158e-02 7.257841520e+01
2.337406910e+02 8.097735401e-01 7.279007682e-05 2.787619868e-05 7.794535096e-05 3.657370933e-01 7.277891450e+01
2.337412300e+02 8.169651820e-01 7.080327768e-05 1.970870876e-05 7.349515175e-05 2.714860840e-01 7.292851710e+01
2.337417380e+02 8.237432044e-01 8.797595430e-05 6.774811893e-05 1.110386246e-04 6.562260565e-01 7.308107060e+01
2.337421520e+02 8.292670258e-01 9.714271960e-05 5.533429557e-06 9.730018918e-05 5.690036801e-02 7.323071320e+01
2.337426540e+02 8.359649928e-01 8.947838870e-05 5.368325419e-06 8.963928247e-05 5.992394687e-02 7.343217260e+01
2.337432020e+02 8.432767178e-01 1.126864729e-04 7.233527869e-05 1.339053163e-04 5.706714403e-01 7.358178350e+01
2.337436870e+02 8.497478612e-01 9.963091800e-05 4.430452366e-05 1.090376570e-04 4.184264357e-01 7.373232880e+01
2.337441100e+02 8.553917657e-01 1.348362866e-04 1.027616393e-05 1.352273040e-04 7.606511258e-02 7.388293300e+01
2.337445520e+02 8.612891789e-01 9.134102126e-05 4.521776195e-05 1.019206954e-04 4.596744042e-01 7.403552240e+01
2.337450540e+02 8.679871460e-01 1.028579714e-04 2.988240750e-05 1.071107864e-04 2.827379989e-01 7.423501980e+01
2.337456070e+02 8.753655837e-01 1.341500776e-04 -3.557284663e-05 1.387864213e-04 -2.592064533e-01 7.438658080e+01
2.337461020e+02 8.819701528e-01 7.658591157e-05 4.950009287e-06 7.674571287e-05 6.454364201e-02 7.453617900e+01
2.337465250e+02 8.876140573e-01 5.477736428e-05 -3.818936876e-06 5.491032613e-05 -6.960480062e-02 7.468678070e+01
2.337470110e+02 8.940985433e-01 5.281552549e-05 6.489934351e-06 5.321277085e-05 1.222663702e-01 7.488827520e+01
2.337475730e+02 9.015970642e-01 6.998312095e-05 1.219720564e-05 7.103808164e-05 1.725545662e-01 7.503883840e+01
2.337480550e+02 9.080281799e-01 5.567857539e-05 8.007448167e-05 9.752961792e-05 9.632082219e-01 7.518843640e+01
2.337484460e+02 9.132451224e-01 1.357042573e-04 3.697164746e-05 1.406504467e-04 2.659872491e-01 7.533904250e+01
2.337488950e+02 9.192359335e-01 9.677465201e-05 2.394223329e-05 9.969234577e-05 2.425319067e-01 7.549063440e+01
2.337494050e+02 9.260406411e-01 9.354883003e-05 -2.349564380e-05 9.645428388e-05 -2.460693215e-01 7.564122590e+01
2.337498030e+02 9.313509815e-01 7.811100380e-05 -9.825161510e-06 7.872650578e-05 -1.251274508e-01 7.579286420e+01
2.337503080e+02 9.380889762e-01 1.816760751e-05 1.616856925e-05 2.432045629e-05 7.272442150e-01 7.594241750e+01
2.337507120e+02 9.434793720e-01 9.400395358e-05 5.563948345e-05 1.092359621e-04 5.344308537e-01 7.609203070e+01
2.337511590e+02 9.494434980e-01 5.443416158e-05 2.769161282e-05 6.107293482e-05 4.705972958e-01 7.624366170e+01
2.337516550e+02 9.560614097e-01 1.182466442e-04 4.346407167e-05 1.259817225e-04 3.522419769e-01 7.639520970e+01
2.337520660e+02 9.615452034e-01 1.253178518e-04 2.232432729e-05 1.272907678e-04 1.762923153e-01 7.654480980e+01
2.337525570e+02 9.680964022e-01 8.880938044e-05 -1.155658903e-05 8.955814203e-05 -1.294008965e-01 7.669540650e+01
2.337529650e+02 9.735401682e-01 1.126969379e-04 3.226072220e-05 1.172235215e-04 2.788049082e-01 7.684505250e+01
2.337534040e+02 9.793975538e-01 9.285357116e-05 -2.846803954e-05 9.711959098e-05 -2.974922686e-01 7.699661280e+01
2.337539240e+02 9.863356869e-01 8.069546826e-05 7.105454919e-06 8.100769153e-05 8.782620016e-02 7.714620080e+01
2.337543230e+02 9.916593699e-01 4.164243010e-05 2.016183718e-05 4.626652854e-05 4.509001330e-01 7.729783960e+01
2.337548170e+02 9.982505964e-01 9.716208425e-05 3.837943566e-05 1.044674672e-04 3.761922861e-01 7.744739450e+01
2.337550580e+02 1.001466154e+00 5.450802438e-05 5.028215973e-06 5.473945267e-05 9.198692818e-02 7.759898930e+01
2.337551010e+02 1.002039885e+00 7.655071622e-05 5.775831559e-05 9.589596016e-05 6.463815547e-01 7.775061500e+01
2.337550870e+02 1.001853089e+00 9.138051426e-05 3.428961947e-06 9.144482581e-05 3.750639783e-02 7.790117960e+01
2.337550820e+02 1.001786376e+00 1.100837143e-04 -1.492471381e-06 1.100938310e-04 -1.355677320e-02 7.805081990e+01
2.337550730e+02 1.001666293e+00 6.947439623e-05 3.523700962e-05 7.789954158e-05 4.693863777e-01 7.820138110e+01
2.337550640e+02 1.001546210e+00 1.374841970e-04 -4.049465821e-06 1.375438206e-04 -2.944553260e-02 7.835198100e+01
2.337550410e+02 1.001239331e+00 6.594829824e-05 -1.369340310e-05 6.735493545e-05 -2.047293286e-01 7.850358400e+01
