2.336799710e+02 -3.869343506e-04 6.712274283e-05
2.336799670e+02 -4.403046057e-04 9.735454674e-05
2.336800310e+02 4.136194781e-04 9.492627170e-05
2.336804320e+02 5.763987565e-03 1.096173063e-04
2.336819380e+02 2.585788866e-02 8.372016760e-05
2.336823530e+02 3.139505264e-02 3.322889273e-05
2.336826990e+02 3.601157972e-02 8.356676282e-05
2.336834190e+02 4.561822566e-02 6.633382122e-05
2.336838330e+02 5.114204708e-02 5.042226028e-05
2.336843880e+02 5.854716999e-02 1.002744868e-04
2.336849240e+02 6.569878419e-02 7.438742999e-05
2.336854910e+02 7.326401787e-02 5.963623250e-05
2.336860020e+02 8.008206798e-02 1.150589998e-04
2.336865210e+02 8.700685859e-02 1.208397064e-04
2.336870750e+02 9.439863894e-02 7.147363683e-05
2.336875620e+02 1.008964675e-01 9.928410751e-05
2.336881090e+02 1.081948499e-01 8.719950297e-05
2.336886120e+02 1.149061595e-01 6.091654952e-05
2.336891620e+02 1.222445696e-01 9.932518856e-05
2.336896870e+02 1.292494156e-01 5.171140797e-05
2.336902150e+02 1.362942893e-01 1.447596169e-05
2.336907120e+02 1.429255435e-01 4.142197704e-05
2.336912610e+02 1.502506110e-01 1.117353531e-04
2.336917600e+02 1.569085504e-01 7.434074842e-05
2.336923150e+02 1.643136733e-01 6.706464348e-05
2.336928200e+02 1.710516680e-01 8.423407495e-05
2.336933680e+02 1.783633930e-01 5.698826450e-05
2.336938730e+02 1.851013877e-01 5.501389901e-05
2.336944360e+02 1.926132511e-01 6.253350690e-05
2.336949270e+02 1.991644500e-01 6.766565362e-05
2.336954700e+02 2.064094621e-01 5.169630615e-05
2.336959690e+02 2.130674014e-01 6.619163608e-05
2.336965340e+02 2.206059500e-01 9.417629432e-05
2.336970400e+02 2.273572873e-01 9.813792367e-05
2.336975580e+02 2.342687353e-01 1.017810897e-04
2.336980850e+02 2.413002665e-01 1.345570552e-04
2.336986270e+02 2.485319360e-01 1.688064347e-04
2.336991290e+02 2.552299031e-01 1.552843475e-04
2.336996780e+02 2.625549706e-01 1.146275643e-04
2.337001970e+02 2.694797612e-01 1.288415818e-04
2.337007430e+02 2.767648011e-01 1.526107095e-04
2.337012560e+02 2.836095363e-01 1.514617608e-04
2.337018120e+02 2.910280018e-01 1.733307160e-04
2.337022990e+02 2.975258304e-01 1.957543431e-04
2.337028540e+02 3.049309533e-01 2.977086622e-04
2.337033680e+02 3.117890311e-01 3.750538591e-04
2.337039130e+02 3.190607283e-01 3.372766986e-04
2.337044170e+02 3.257853805e-01 3.888982054e-04
2.337049620e+02 3.330570778e-01 4.613929246e-04
2.337054640e+02 3.397550448e-01 4.817218707e-04
2.337059990e+02 3.468933164e-01 5.726522417e-04
2.337065040e+02 3.536313112e-01 5.350345782e-04
2.337069290e+02 3.593019008e-01 4.614584299e-04
2.337074210e+02 3.658664422e-01 4.055733229e-04
2.337078250e+02 3.712568380e-01 3.685101789e-04
2.337082710e+02 3.772076214e-01 2.916111218e-04
2.337087820e+02 3.840256715e-01 2.260868489e-04
2.337093290e+02 3.913240539e-01 2.324767737e-04
2.337098220e+02 3.979019379e-01 1.858154554e-04
2.337103810e+02 4.053604310e-01 8.875150024e-05
2.337108820e+02 4.120450555e-01 1.464509005e-04
2.337114270e+02 4.193167528e-01 1.770823872e-04
2.337119260e+02 4.259746921e-01 1.388271380e-04
2.337124910e+02 4.335132407e-01 1.498622066e-04
2.337129980e+02 4.402779205e-01 1.046776208e-04
2.337135330e+02 4.474161922e-01 9.879080162e-05
2.337140370e+02 4.541408443e-01 1.192747249e-04
2.337144240e+02 4.593044165e-01 5.598443391e-05
2.337149310e+02 4.660690964e-01 1.225033507e-04
2.337153260e+02 4.713394091e-01 9.888476816e-05
2.337157860e+02 4.774769884e-01 8.605504167e-05
2.337162800e+02 4.840682150e-01 8.784287121e-05
2.337166770e+02 4.893652128e-01 7.698319935e-05
2.337171790e+02 4.960631798e-01 8.898392644e-05
2.337175780e+02 5.013868628e-01 8.409367360e-05
2.337180540e+02 5.077379231e-01 8.438137128e-05
2.337185410e+02 5.142357517e-01 6.763853483e-05
2.337189380e+02 5.195327496e-01 5.997502047e-05
2.337194490e+02 5.263507997e-01 3.040373998e-05
2.337198480e+02 5.316744826e-01 4.400292677e-05
2.337202960e+02 5.376519512e-01 7.875217518e-05
2.337208000e+02 5.443766034e-01 1.163633327e-04
2.337212070e+02 5.498070268e-01 1.352578671e-04
2.337217160e+02 5.565983918e-01 1.016477383e-04
2.337222530e+02 5.637633486e-01 6.383586274e-05
2.337227670e+02 5.706214264e-01 1.068304481e-04
2.337231620e+02 5.758917391e-01 4.622440781e-05
2.337236230e+02 5.820426610e-01 4.457942325e-05
2.337241170e+02 5.886338875e-01 5.133565587e-05
2.337245160e+02 5.939575705e-01 4.785221558e-05
2.337250170e+02 6.006421949e-01 5.342246637e-05
2.337254350e+02 6.062193866e-01 7.268902018e-05
2.337258730e+02 6.120634296e-01 6.613819283e-05
2.337263800e+02 6.188281094e-01 6.030147866e-05
2.337267870e+02 6.242585329e-01 1.169675388e-04
2.337272850e+02 6.309031297e-01 9.801491046e-05
2.337278290e+02 6.381614844e-01 1.418296844e-04
2.337283430e+02 6.450195622e-01 7.419971365e-05
2.337287350e+02 6.502498472e-01 9.380473481e-05
2.337291890e+02 6.563073711e-01 5.372195887e-05
2.337296990e+02 6.631120787e-01 3.849853548e-05
2.337301000e+02 6.684624468e-01 4.621795833e-05
2.337305800e+02 6.748668774e-01 8.442843890e-05
2.337309940e+02 6.803906988e-01 5.242663609e-05
2.337314350e+02 6.862747695e-01 9.762968948e-05
2.337319550e+02 6.932129026e-01 8.750935534e-05
2.337324870e+02 7.003111466e-01 1.141602359e-04
2.337330260e+02 7.075027885e-01 1.036079289e-04
2.337335540e+02 7.145476622e-01 1.007516521e-04
2.337340640e+02 7.213523697e-01 1.277195790e-04
2.337344630e+02 7.266760527e-01 5.456221934e-05
2.337349690e+02 7.334273900e-01 1.299627963e-04
2.337355130e+02 7.406857447e-01 1.034723818e-04
2.337360250e+02 7.475171373e-01 7.211165492e-05
2.337365740e+02 7.548422049e-01 7.201251175e-05
2.337370560e+02 7.612733206e-01 1.172585272e-04
2.337375030e+02 7.672374466e-01 5.641820309e-05
2.337379440e+02 7.731215173e-01 7.239870837e-05
2.337384200e+02 7.794725777e-01 9.866304586e-05
2.337388360e+02 7.850230842e-01 9.980667560e-05
2.337393310e+02 7.916276533e-01 1.031878050e-04
2.337397280e+02 7.969246511e-01 8.792697321e-05
2.337401800e+02 8.029554900e-01 1.224549418e-04
2.337406910e+02 8.097735401e-01 7.279007682e-05
2.337412300e+02 8.169651820e-01 7.080327768e-05
2.337417380e+02 8.237432044e-01 8.797595430e-05
2.337421520e+02 8.292670258e-01 9.714271960e-05
2.337426540e+02 8.359649928e-01 8.947838870e-05
2.337432020e+02 8.432767178e-01 1.126864729e-04
2.337436870e+02 8.497478612e-01 9.963091800e-05
2.337441100e+02 8.553917657e-01 1.348362866e-04
2.337445520e+02 8.612891789e-01 9.134102126e-05
2.337450540e+02 8.679871460e-01 1.028579714e-04
2.337456070e+02 8.753655837e-01 1.341500776e-04
2.337461020e+02 8.819701528e-01 7.658591157e-05
2.337465250e+02 8.876140573e-01 5.477736428e-05
2.337470110e+02 8.940985433e-01 5.281552549e-05
2.337475730e+02 9.015970642e-01 6.998312095e-05
2.337480550e+02 9.080281799e-01 5.567857539e-05
2.337484460e+02 9.132451224e-01 1.357042573e-04
2.337488950e+02 9.192359335e-01 9.677465201e-05
2.337494050e+02 9.260406411e-01 9.354883003e-05
2.337498030e+02 9.313509815e-01 7.811100380e-05
2.337503080e+02 9.380889762e-01 1.816760751e-05
2.337507120e+02 9.434793720e-01 9.400395358e-05
2.337511590e+02 9.494434980e-01 5.443416158e-05
2.337516550e+02 9.560614097e-01 1.182466442e-04
2.337520660e+02 9.615452034e-01 1.253178518e-04
2.337525570e+02 9.680964022e-01 8.880938044e-05
2.337529650e+02 9.735401682e-01 1.126969379e-04
2.337534040e+02 9.793975538e-01 9.285357116e-05
2.337539240e+02 9.863356869e-01 8.069546826e-05
2.337543230e+02 9.916593699e-01 4.164243010e-05
2.337548170e+02 9.982505964e-01 9.716208425e-05
2.337550580e+02 1.001466154e+00 5.450802438e-05
2.337551010e+02 1.002039885e+00 7.655071622e-05
2.337550870e+02 1.001853089e+00 9.138051426e-05
2.337550820e+02 1.001786376e+00 1.100837143e-04
2.337550730e+02 1.001666293e+00 6.947439623e-05
2.337550640e+02 1.001546210e+00 1.374841970e-04
2.337550410e+02 1.001239331e+00 6.594829824e-05
