9.700000300e+01 4.002769151e-05 2.543549015e-07
9.699999700e+01 -4.002769151e-05 4.105755593e-07
9.700000400e+01 5.337025529e-05 -4.666475580e-07
9.700018600e+01 2.481716868e-03 3.379822343e-07
9.700040000e+01 5.337025523e-03 -2.748037085e-08
9.700107300e+01 1.431657097e-02 2.406971757e-07
9.700319200e+01 4.258946367e-02 -6.406315352e-07
9.700422500e+01 5.637233209e-02 -3.646571988e-07
9.700462800e+01 6.174938530e-02 -5.514251288e-07
9.700526900e+01 7.030196870e-02 1.150801625e-07
9.700616300e+01 8.223022075e-02 -9.953174068e-07
9.700698300e+01 9.317112307e-02 -3.087891005e-09
9.700764800e+01 1.020439280e-01 -8.251367709e-08
9.700843600e+01 1.125578683e-01 8.526615201e-07
9.700919700e+01 1.227115593e-01 5.251921483e-07
9.700994700e+01 1.327184822e-01 2.469119387e-07
9.701068100e+01 1.425119240e-01 4.239274345e-07
9.701145100e+01 1.527856982e-01 -1.014086435e-07
9.701218900e+01 1.626325103e-01 -2.896584493e-10
9.701293800e+01 1.726260905e-01 1.019521579e-06
9.701368400e+01 1.825796431e-01 5.791255921e-07
9.701444400e+01 1.927199916e-01 -3.653444629e-07
9.701517200e+01 2.024333781e-01 -1.045643014e-06
9.701595900e+01 2.129339758e-01 2.794514373e-07
9.701672900e+01 2.232077499e-01 5.762002216e-07
9.701743500e+01 2.326276000e-01 5.030947469e-07
9.701818700e+01 2.426612080e-01 -2.694405294e-07
9.701896300e+01 2.530150375e-01 -1.954504870e-07
9.701970400e+01 2.629018773e-01 -2.213038529e-07
9.702049800e+01 2.734958729e-01 2.028838544e-07
9.702122900e+01 2.832492871e-01 4.217900790e-07
9.702196000e+01 2.930027012e-01 8.574076008e-07
9.702273800e+01 3.033832159e-01 6.821942243e-07
9.702346700e+01 3.131099449e-01 -3.630703742e-07
9.702425400e+01 3.236105426e-01 -1.179500600e-06
9.702500900e+01 3.336841783e-01 -6.864605395e-08
9.702575300e+01 3.436110457e-01 7.667565003e-07
9.702652000e+01 3.538447922e-01 6.553117613e-08
9.702723700e+01 3.634114104e-01 1.164051550e-06
9.702801900e+01 3.738452953e-01 5.842416919e-07
9.702875800e+01 3.837054500e-01 -4.020621197e-07
9.702952800e+01 3.939792241e-01 -5.872618160e-07
9.703028500e+01 4.040795449e-01 3.613318238e-07
9.703101100e+01 4.137662462e-01 4.964128123e-07
9.703178300e+01 4.240667055e-01 -1.667053342e-07
9.703249200e+01 4.335265832e-01 -3.153343020e-07
9.703326100e+01 4.437870148e-01 6.629250408e-07
9.703400100e+01 4.536605120e-01 1.149470275e-07
9.703474700e+01 4.636140646e-01 -2.242676046e-07
9.703554600e+01 4.742747731e-01 -7.958356898e-07
9.703624200e+01 4.835611975e-01 1.622854941e-07
9.703704200e+01 4.942352486e-01 -1.202772227e-08
9.703779700e+01 5.043088842e-01 1.050560610e-07
9.703856300e+01 5.145292881e-01 9.168223659e-07
9.703931600e+01 5.245762387e-01 -4.113197956e-07
9.704002000e+01 5.339694036e-01 3.582361366e-07
9.704082400e+01 5.446968249e-01 9.513325014e-07
9.704157700e+01 5.547437754e-01 3.981814161e-08
9.704227900e+01 5.641102552e-01 1.363973451e-08
9.704306100e+01 5.745441401e-01 4.097317717e-08
9.704379600e+01 5.843509245e-01 -3.172809507e-07
9.704458000e+01 5.948114946e-01 7.305935725e-07
9.704530600e+01 6.044981959e-01 8.760177064e-07
9.704605200e+01 6.144517485e-01 -2.633882870e-07
9.704680200e+01 6.244586713e-01 4.735639781e-07
9.704760500e+01 6.351727501e-01 7.860922513e-07
9.704831300e+01 6.446192853e-01 6.892875579e-07
9.704910000e+01 6.551198830e-01 -1.965065709e-07
9.704983000e+01 6.648599545e-01 -9.460436860e-08
9.705059000e+01 6.750003030e-01 4.575853865e-07
9.705133800e+01 6.849805408e-01 -3.849578782e-08
9.705209400e+01 6.950675190e-01 -9.120606928e-07
9.705282100e+01 7.047675629e-01 -2.239863420e-07
9.705358400e+01 7.149479391e-01 -1.179052619e-06
9.705435700e+01 7.252617409e-01 -1.591725953e-06
9.705509900e+01 7.351619233e-01 8.132385854e-08
9.705583300e+01 7.449553651e-01 9.755804519e-07
9.705661900e+01 7.554426202e-01 3.411588820e-07
9.705735600e+01 7.652760898e-01 -5.109353154e-07
9.705812700e+01 7.755632065e-01 -4.972434064e-07
9.705884600e+01 7.851565098e-01 -4.423462336e-07
9.705961800e+01 7.954569691e-01 -6.269330294e-07
9.706038400e+01 8.056773730e-01 -3.423966771e-08
9.706112800e+01 8.156042405e-01 1.545888553e-07
9.706189600e+01 8.258513295e-01 7.042742342e-07
9.706266900e+01 8.361651313e-01 -1.075274533e-07
9.706334100e+01 8.451313342e-01 -4.787190589e-07
9.706414600e+01 8.558720980e-01 -1.460490285e-07
9.706487100e+01 8.655454568e-01 -3.918455124e-07
9.706567800e+01 8.763129058e-01 -1.059508238e-07
9.706640200e+01 8.859729220e-01 -7.473140015e-07
9.706714300e+01 8.958597618e-01 7.943328243e-07
9.706790600e+01 9.060401379e-01 5.432895045e-07
9.706865900e+01 9.160870885e-01 -5.862141280e-07
9.706952600e+01 9.276550913e-01 -8.825814988e-07
9.707016300e+01 9.361543045e-01 -2.592814939e-07
9.707090600e+01 9.460678294e-01 -5.214451794e-07
9.707167300e+01 9.563015758e-01 -9.200152056e-07
9.707244000e+01 9.665353222e-01 -6.616326724e-08
9.707313100e+01 9.757550338e-01 2.407919294e-07
9.707394000e+01 9.865491680e-01 -7.964797751e-07
9.707467600e+01 9.963692949e-01 -1.916399491e-07
9.707541500e+01 1.006229450e+00 -4.068105992e-07
9.707615000e+01 1.016036234e+00 3.767832730e-07
9.707692800e+01 1.026416749e+00 -4.850327735e-07
9.707766900e+01 1.036303588e+00 6.230505267e-07
9.707839100e+01 1.045936919e+00 2.417118799e-07
9.707916600e+01 1.056277406e+00 -6.951550906e-07
9.707995000e+01 1.066737976e+00 3.560088251e-07
9.708071300e+01 1.076918353e+00 5.548920345e-07
9.708143200e+01 1.086511656e+00 3.849764691e-07
9.708220100e+01 1.096772088e+00 -1.330863632e-06
9.708293900e+01 1.106618900e+00 3.357999008e-08
9.708374500e+01 1.117373006e+00 -2.341093951e-07
9.708449400e+01 1.127366586e+00 -4.736527347e-07
9.708522600e+01 1.137133343e+00 -2.627460009e-07
9.708602100e+01 1.147740681e+00 -2.016280681e-07
9.708673800e+01 1.157307300e+00 4.554486307e-07
9.708746800e+01 1.167047371e+00 8.325647410e-07
9.708819900e+01 1.176800785e+00 -4.872612844e-07
9.708893700e+01 1.186647597e+00 -1.503153437e-07
9.708975500e+01 1.197561815e+00 2.313291537e-07
9.709043900e+01 1.206688128e+00 -2.351139042e-07
9.709125600e+01 1.217589003e+00 7.946116880e-09
9.709195600e+01 1.226928798e+00 7.708069209e-07
9.709272500e+01 1.237189229e+00 7.325360232e-08
9.709350100e+01 1.247543059e+00 4.230554606e-07
9.709421100e+01 1.257016279e+00 1.313004359e-07
9.709498800e+01 1.267383451e+00 -7.047492021e-07
9.709574600e+01 1.277497114e+00 -2.972285499e-07
9.709647800e+01 1.287263871e+00 -6.837378700e-08
9.709724800e+01 1.297537645e+00 -8.953264705e-08
9.709800300e+01 1.307611281e+00 7.591756049e-07
9.709873900e+01 1.317431408e+00 -2.626632413e-07
9.709953200e+01 1.328012061e+00 7.068145928e-08
9.710029900e+01 1.338245807e+00 5.022185751e-07
9.710102700e+01 1.347959194e+00 -4.019547721e-07
9.710178700e+01 1.358099542e+00 -2.407547476e-07
9.710251500e+01 1.367812929e+00 -2.794694285e-07
9.710327200e+01 1.377913250e+00 -1.291551643e-06
9.710402800e+01 1.388000228e+00 -7.411010377e-07
9.710476900e+01 1.397887068e+00 4.641125968e-07
9.710549200e+01 1.407533741e+00 7.714600018e-07
9.710629900e+01 1.418301190e+00 2.447583911e-07
9.710703300e+01 1.428094632e+00 -6.815621332e-07
9.710782100e+01 1.438608572e+00 4.275862465e-07
9.710851600e+01 1.447881654e+00 -3.337525013e-07
9.710931100e+01 1.458488992e+00 1.648564377e-07
9.711004800e+01 1.468322462e+00 1.722640178e-07
9.711077600e+01 1.478035848e+00 7.689490289e-07
9.711153000e+01 1.488096141e+00 -5.212580708e-07
9.711232700e+01 1.498730165e+00 -1.126441529e-07
9.711304400e+01 1.508296783e+00 4.540549118e-07
9.711375400e+01 1.517770003e+00 -6.896611754e-07
9.711453800e+01 1.528230573e+00 3.420992224e-07
9.711533600e+01 1.538877939e+00 9.890798550e-07
9.711610800e+01 1.549178399e+00 -5.948589035e-07
9.711682700e+01 1.558771702e+00 -2.914149909e-07
9.711759800e+01 1.569058819e+00 -9.787696934e-08
9.711835600e+01 1.579172482e+00 4.554912099e-07
9.711907300e+01 1.588739100e+00 -3.898442903e-07
9.711982300e+01 1.598746023e+00 -1.039253136e-06
9.712062200e+01 1.609406732e+00 1.530230205e-07
9.712133900e+01 1.618973350e+00 7.148170821e-07
9.712211800e+01 1.629367207e+00 -1.019750067e-06
9.712283300e+01 1.638907140e+00 -1.515345479e-07
9.712361800e+01 1.649381053e+00 5.745810129e-07
9.712435200e+01 1.659174495e+00 -7.579012277e-07
9.712510900e+01 1.669274815e+00 -1.212349547e-07
9.712581400e+01 1.678681323e+00 -6.485992416e-07
9.712658300e+01 1.688941754e+00 -4.072729732e-08
9.712737400e+01 1.699495722e+00 -3.977190421e-07
9.712812300e+01 1.709489303e+00 1.439494546e-07
9.712885600e+01 1.719269402e+00 2.496400056e-07
9.712957800e+01 1.728902733e+00 -4.732671231e-07
9.713038200e+01 1.739630154e+00 -4.249409392e-07
9.713112400e+01 1.749530337e+00 1.211408007e-08
9.713184200e+01 1.759110298e+00 -9.251349037e-07
9.713256600e+01 1.768770314e+00 -6.286949684e-07
9.713335200e+01 1.779257569e+00 2.693025968e-07
9.713408500e+01 1.789037668e+00 -2.841537393e-07
9.713487700e+01 1.799604979e+00 6.422741325e-08
9.713567700e+01 1.810279030e+00 -1.239582239e-07
9.713637000e+01 1.819525426e+00 -4.594804604e-07
9.713711600e+01 1.829478979e+00 -4.292162500e-08
9.713786100e+01 1.839419189e+00 1.885778455e-08
9.713866000e+01 1.850079898e+00 2.373010354e-07
9.713941900e+01 1.860206904e+00 -7.774960521e-08
9.714015000e+01 1.869960318e+00 3.843023985e-07
9.714089900e+01 1.879953898e+00 4.002917848e-07
9.714165700e+01 1.890067561e+00 -8.087048009e-09
9.714242300e+01 1.900287965e+00 -1.090246217e-06
9.714313600e+01 1.909801213e+00 1.172429455e-06
9.714390000e+01 1.919994932e+00 6.798271811e-07
9.714468700e+01 1.930495530e+00 6.613849934e-07
9.714539300e+01 1.939915380e+00 1.778988641e-07
9.714618900e+01 1.950536061e+00 -1.965695401e-07
9.714692700e+01 1.960382873e+00 8.640721440e-07
9.714764000e+01 1.969896121e+00 7.747008181e-07
9.714842300e+01 1.980343348e+00 3.736785902e-07
9.714916500e+01 1.990243530e+00 -6.730888739e-07
9.714991300e+01 2.000223768e+00 2.513851527e-08
9.715066300e+01 2.010230691e+00 -4.336570798e-07
9.715139400e+01 2.019984105e+00 1.133257198e-06
9.715218500e+01 2.030538073e+00 -3.672965090e-08
9.715290800e+01 2.040184747e+00 5.530197495e-07
9.715365700e+01 2.050178327e+00 3.330694351e-07
9.715443100e+01 2.060505471e+00 5.338273285e-07
9.715519300e+01 2.070672505e+00 -3.355750107e-07
9.715595200e+01 2.080799511e+00 3.348943433e-07
9.715667500e+01 2.090446185e+00 3.673420867e-07
9.715743200e+01 2.100546505e+00 1.063094485e-06
9.715822700e+01 2.111153844e+00 2.572694772e-07
9.715896300e+01 2.120973971e+00 1.297694441e-06
9.715972100e+01 2.131087634e+00 -2.692624164e-08
9.716045800e+01 2.140921103e+00 1.003249730e-07
9.716123200e+01 2.151248248e+00 -1.301747860e-07
9.716198800e+01 2.161335226e+00 5.874093439e-07
9.716274900e+01 2.171488917e+00 9.954883233e-07
9.716345800e+01 2.180948795e+00 -5.785630669e-07
9.716425200e+01 2.191542791e+00 -1.358252247e-07
9.716499700e+01 2.201483001e+00 1.001462604e-07
9.716574400e+01 2.211449896e+00 8.668146038e-07
9.716648100e+01 2.221283365e+00 -1.835343102e-08
9.716724900e+01 2.231530454e+00 -6.309648592e-07
9.716798700e+01 2.241377266e+00 -5.371934835e-08
9.716874200e+01 2.251450902e+00 2.748115047e-07
9.716948700e+01 2.261391112e+00 1.546932043e-07
9.717024700e+01 2.271531461e+00 -2.113085374e-07
9.717098400e+01 2.281364930e+00 4.226860412e-07
9.717176100e+01 2.291732102e+00 4.815880568e-07
9.717252400e+01 2.301912478e+00 4.490893384e-07
9.717324600e+01 2.311545809e+00 -1.103336620e-06
9.717402000e+01 2.321872954e+00 9.516173622e-07
9.717477600e+01 2.331959932e+00 -8.856286097e-07
9.717553300e+01 2.342060253e+00 -1.485168226e-07
9.717631800e+01 2.352534165e+00 4.773883092e-07
9.717705900e+01 2.362421005e+00 -9.011898052e-07
9.717780600e+01 2.372387900e+00 9.236206437e-08
9.717856800e+01 2.382554934e+00 -6.154642340e-07
9.717927500e+01 2.391988127e+00 -7.422482770e-07
9.718002200e+01 2.401955022e+00 -4.070426858e-07
9.718081700e+01 2.412562360e+00 6.524991358e-07
9.718154900e+01 2.422329117e+00 1.156354911e-08
9.718228900e+01 2.432202614e+00 4.144634594e-07
9.718304100e+01 2.442236222e+00 -7.228825407e-07
9.718378000e+01 2.452096377e+00 2.763989290e-07
9.718458000e+01 2.462770428e+00 -6.996259058e-07
9.718530300e+01 2.472417101e+00 -7.609615322e-07
9.718604500e+01 2.482317284e+00 -8.518537149e-07
9.718679400e+01 2.492310864e+00 -2.566145972e-08
9.718756300e+01 2.502571296e+00 -3.145306947e-07
9.718832000e+01 2.512671616e+00 -3.886442767e-07
9.718908000e+01 2.522811965e+00 -9.116954713e-07
9.718980500e+01 2.532485324e+00 8.290048807e-08
9.719058500e+01 2.542892523e+00 1.181126405e-06
9.719133100e+01 2.552846076e+00 -2.681889410e-08
9.719210600e+01 2.563186563e+00 1.714586114e-07
9.719281100e+01 2.572593070e+00 -6.523821929e-07
9.719359700e+01 2.583080326e+00 -7.677148320e-08
9.719434600e+01 2.593073906e+00 -1.055686905e-06
9.719506500e+01 2.602667209e+00 -5.875448777e-08
9.719584900e+01 2.613127779e+00 4.559235986e-07
9.719660700e+01 2.623241443e+00 1.546644783e-06
9.719735400e+01 2.633208338e+00 1.350767905e-07
9.719810100e+01 2.643175233e+00 -6.843255828e-07
9.719886000e+01 2.653302239e+00 3.809848198e-07
9.719963800e+01 2.663682753e+00 1.808740102e-07
9.720037300e+01 2.673489538e+00 -6.816520893e-07
9.720111800e+01 2.683429748e+00 2.845771324e-07
9.720185500e+01 2.693263217e+00 -5.164844036e-07
9.720260500e+01 2.703270140e+00 -9.344513509e-07
9.720340100e+01 2.713890821e+00 7.441115665e-07
9.720415400e+01 2.723937772e+00 8.311524312e-07
9.720489900e+01 2.733877982e+00 -1.378204497e-07
9.720565400e+01 2.743951617e+00 1.904723197e-07
9.720639900e+01 2.753891827e+00 1.327144249e-06
9.720716700e+01 2.764138916e+00 -1.980879981e-07
9.720789000e+01 2.773785590e+00 1.222172747e-07
9.720865900e+01 2.784046022e+00 7.317845904e-07
9.720938700e+01 2.793759408e+00 1.953569327e-07
9.721016400e+01 2.804126580e+00 4.711615521e-07
9.721091200e+01 2.814106818e+00 -3.488855061e-07
9.721164700e+01 2.823913602e+00 4.019805595e-07
9.721239300e+01 2.833867155e+00 2.997365243e-07
9.721315200e+01 2.843994161e+00 -3.119477569e-07
9.721388600e+01 2.853787603e+00 2.641787008e-07
9.721465400e+01 2.864034692e+00 -5.484925618e-07
9.721543600e+01 2.874468577e+00 -3.769697819e-07
9.721617400e+01 2.884315389e+00 -2.685505643e-07
9.721693500e+01 2.894469080e+00 1.190328309e-07
9.721768600e+01 2.904489345e+00 -1.136641344e-06
9.721841500e+01 2.914216074e+00 -1.339211552e-07
9.721915100e+01 2.924036201e+00 2.444447444e-07
9.721991500e+01 2.934229920e+00 -1.961089652e-07
9.722068700e+01 2.944530379e+00 -3.924080375e-07
9.722145000e+01 2.954710755e+00 1.725704680e-07
9.722223500e+01 2.965184668e+00 -2.599033900e-07
9.722296200e+01 2.974884712e+00 -8.435741609e-07
9.722369300e+01 2.984638126e+00 -7.089783354e-07
9.722446100e+01 2.994885215e+00 -6.726546861e-07
9.722518400e+01 3.004531889e+00 -4.324786557e-08
9.722600600e+01 3.015499476e+00 -6.350056845e-07
9.722669200e+01 3.024652475e+00 -4.653192071e-07
9.722745800e+01 3.034872879e+00 -1.307463067e-07
9.722819600e+01 3.044719691e+00 6.372431911e-07
9.722893700e+01 3.054606530e+00 4.150817572e-07
9.722970200e+01 3.064813592e+00 2.505089809e-07
9.723045800e+01 3.074900570e+00 9.307091797e-08
9.723120500e+01 3.084867465e+00 -1.481569984e-07
9.723196900e+01 3.095061184e+00 -4.320168814e-08
9.723274800e+01 3.105455041e+00 2.381328289e-07
9.723346900e+01 3.115075030e+00 -3.671729694e-07
9.723424400e+01 3.125415517e+00 -8.059365537e-07
9.723498400e+01 3.135289014e+00 -4.998797180e-07
9.723570700e+01 3.144935687e+00 1.635226895e-07
9.723647700e+01 3.155209462e+00 3.792006916e-08
9.723722600e+01 3.165203042e+00 -2.567951090e-07
9.723799100e+01 3.175410103e+00 2.840343977e-07
9.723874400e+01 3.185457054e+00 7.950296837e-07
9.723952400e+01 3.195864254e+00 1.412819581e-07
9.724028700e+01 3.206044630e+00 9.381713330e-07
9.724101600e+01 3.215771359e+00 8.296645583e-08
9.724180600e+01 3.226311984e+00 -1.882114246e-07
9.724252600e+01 3.235918630e+00 -2.467698082e-07
9.724327000e+01 3.245845498e+00 1.196199439e-06
9.724401800e+01 3.255825735e+00 -1.941359294e-07
9.724478300e+01 3.266032797e+00 6.622251828e-07
9.724554900e+01 3.276253200e+00 5.163578655e-07
9.724626400e+01 3.285793134e+00 -9.149128990e-09
9.724700100e+01 3.295626603e+00 -6.678336421e-07
9.724780100e+01 3.306300654e+00 -7.503233309e-08
9.724854000e+01 3.316160809e+00 8.207846977e-07
9.724928300e+01 3.326074334e+00 6.183938024e-08
9.725007900e+01 3.336695015e+00 -5.016728418e-08
9.725077000e+01 3.345914726e+00 -2.890557438e-07
9.725152800e+01 3.356028389e+00 2.295678145e-08
9.725228400e+01 3.366115368e+00 1.144526291e-06
9.725305600e+01 3.376415827e+00 6.947598837e-07
9.725382900e+01 3.386729629e+00 -8.674161098e-07
9.725453000e+01 3.396082766e+00 -9.061098009e-07
9.725533700e+01 3.406850215e+00 -3.826472074e-07
9.725605000e+01 3.416363463e+00 -5.938028196e-07
9.725680900e+01 3.426490469e+00 -5.296131878e-07
9.725759200e+01 3.436937696e+00 -1.313220254e-07
9.725829600e+01 3.446330861e+00 -5.427605630e-07
9.725904400e+01 3.456311099e+00 -7.310667412e-08
9.725981100e+01 3.466544846e+00 4.450089324e-07
9.726056000e+01 3.476538426e+00 9.479321631e-07
9.726134300e+01 3.486985653e+00 2.217422387e-07
9.726206900e+01 3.496672355e+00 5.908270738e-07
9.726286800e+01 3.507333063e+00 -1.839019305e-07
9.726360700e+01 3.517193218e+00 2.310580862e-07
9.726434100e+01 3.526986660e+00 7.831596844e-07
9.726512200e+01 3.537407202e+00 8.831152379e-07
9.726585100e+01 3.547133931e+00 -9.793514091e-08
9.726665100e+01 3.557807982e+00 1.539585633e-07
9.726738600e+01 3.567614766e+00 -3.619351290e-07
9.726812900e+01 3.577528291e+00 1.004701021e-07
9.726885900e+01 3.587268363e+00 -2.047027656e-07
9.726963800e+01 3.597662220e+00 -1.697710360e-07
9.727036300e+01 3.607335579e+00 1.244931625e-07
9.727111100e+01 3.617315817e+00 -5.404798775e-08
9.727186600e+01 3.627389452e+00 -8.169609663e-07
9.727260700e+01 3.637276292e+00 -7.206726206e-07
9.727339800e+01 3.647830260e+00 -5.877625713e-07
9.727411200e+01 3.657356851e+00 1.058557103e-06
9.727489300e+01 3.667777393e+00 2.229998241e-07
9.727562100e+01 3.677490779e+00 -5.064159239e-07
9.727636200e+01 3.687377619e+00 6.784604489e-08
9.727710900e+01 3.697344514e+00 1.060275263e-06
9.727791200e+01 3.708058593e+00 -5.657539265e-07
9.727866500e+01 3.718105544e+00 5.814428596e-07
9.727936300e+01 3.727418653e+00 -1.010514580e-06
9.728014300e+01 3.737825853e+00 5.333133796e-08
9.728087800e+01 3.747632637e+00 -6.332461443e-07
9.728167600e+01 3.758280003e+00 -8.155534541e-07
9.728238300e+01 3.767713196e+00 -5.641065316e-07
9.728313500e+01 3.777746804e+00 -9.328141510e-08
9.728393400e+01 3.788407512e+00 -3.419954731e-07
9.728469000e+01 3.798494490e+00 -2.918539764e-07
9.728543800e+01 3.808474728e+00 -9.272668619e-09
9.728615700e+01 3.818068032e+00 -5.264131516e-07
9.728689700e+01 3.827941529e+00 -6.925271748e-07
9.728767000e+01 3.838255331e+00 -1.006959518e-06
9.728840500e+01 3.848062115e+00 7.338409855e-07
9.728912300e+01 3.857642076e+00 1.091831842e-06
9.728989500e+01 3.867942535e+00 -2.209356328e-07
9.729066300e+01 3.878189624e+00 2.939883333e-07
9.729143200e+01 3.888450056e+00 1.687971120e-07
9.729218200e+01 3.898456979e+00 -3.543968128e-08
9.729290300e+01 3.908076967e+00 5.404636854e-07
9.729368900e+01 3.918564222e+00 -5.746853619e-07
9.729442200e+01 3.928344321e+00 -2.927847215e-07
9.729519700e+01 3.938684808e+00 6.815849221e-08
9.729593700e+01 3.948558306e+00 5.058839839e-07
9.729669500e+01 3.958671969e+00 -4.229283228e-07
9.729747600e+01 3.969092511e+00 -1.318862296e-06
9.729820400e+01 3.978805898e+00 -8.277856765e-07
9.729896400e+01 3.988946246e+00 1.375859643e-07
9.729966800e+01 3.998339411e+00 -4.278231308e-07
9.730048700e+01 4.009266971e+00 -4.142775502e-08
9.730118500e+01 4.018580080e+00 3.772894256e-07
9.730196000e+01 4.028920567e+00 -6.524667516e-07
9.730271900e+01 4.039047573e+00 8.165693577e-07
9.730347900e+01 4.049187922e+00 1.066872039e-06
9.730423900e+01 4.059328270e+00 -4.635230849e-07
9.730499700e+01 4.069441934e+00 -4.080765805e-08
9.730572100e+01 4.079101950e+00 2.247239816e-07
9.730648100e+01 4.089242298e+00 6.529435186e-07
9.730722500e+01 4.099169166e+00 -2.198633569e-07
9.730795400e+01 4.108895895e+00 -3.702692563e-07
9.730872800e+01 4.119223039e+00 -9.435728934e-08
9.730946500e+01 4.129056509e+00 9.995825225e-07
9.731024300e+01 4.139437023e+00 1.852794574e-07
9.731096900e+01 4.149123725e+00 7.789209558e-07
9.731170200e+01 4.158903824e+00 -1.109734893e-06
9.731248800e+01 4.169391079e+00 -4.730680204e-07
9.731325500e+01 4.179624826e+00 -8.954230234e-07
9.731399800e+01 4.189538351e+00 5.540758334e-07
9.731474400e+01 4.199491903e+00 -5.559019410e-07
9.731549500e+01 4.209512169e+00 8.960461189e-08
9.731625900e+01 4.219705887e+00 -4.350274102e-08
9.731701500e+01 4.229792866e+00 -6.849372838e-08
9.731777400e+01 4.239919871e+00 -5.244329193e-07
9.731854200e+01 4.250166961e+00 5.475522214e-07
9.731927900e+01 4.260000430e+00 -9.633050507e-07
9.732004200e+01 4.270180806e+00 -3.058115556e-07
9.732078200e+01 4.280054303e+00 7.611540381e-07
9.732154600e+01 4.290248022e+00 -9.930103342e-07
9.732228100e+01 4.300054807e+00 -2.304571798e-07
9.732305700e+01 4.310408636e+00 3.440752568e-07
9.732378200e+01 4.320081995e+00 2.594937902e-07
9.732454700e+01 4.330289056e+00 -7.286619164e-08
9.732529900e+01 4.340322664e+00 6.494376319e-07
9.732602600e+01 4.350022708e+00 9.131323691e-07
9.732680900e+01 4.360469936e+00 7.710653946e-07
9.732757900e+01 4.370743710e+00 4.917974677e-07
9.732828900e+01 4.380216930e+00 9.343170166e-07
9.732914300e+01 4.391611479e+00 2.144989783e-07
9.732983400e+01 4.400831191e+00 -5.357349962e-07
9.733055400e+01 4.410437837e+00 -8.051047602e-07
9.733130800e+01 4.420498130e+00 8.817970821e-08
9.733208600e+01 4.430878645e+00 -6.274961543e-07
9.733283200e+01 4.440832197e+00 1.455860548e-07
9.733360500e+01 4.451145999e+00 9.478566000e-07
9.733429600e+01 4.460365711e+00 -2.227053680e-07
9.733504000e+01 4.470292578e+00 2.155310740e-07
9.733581900e+01 4.480686435e+00 3.335827843e-07
9.733662000e+01 4.491373829e+00 -1.986613179e-07
9.733732200e+01 4.500740309e+00 -4.429861209e-07
9.733809600e+01 4.511067453e+00 8.485259411e-07
9.733884200e+01 4.521021006e+00 3.470450055e-07
9.733960700e+01 4.531228067e+00 5.807939767e-07
9.734038500e+01 4.541608582e+00 -4.882082217e-07
9.734112400e+01 4.551468736e+00 -6.148897148e-07
9.734191200e+01 4.561982677e+00 -1.444250821e-06
9.734264100e+01 4.571709406e+00 -5.749642256e-07
9.734340100e+01 4.581849754e+00 3.261386221e-08
9.734414500e+01 4.591776622e+00 -4.503193373e-07
9.734492100e+01 4.602130451e+00 1.236175904e-08
9.734566200e+01 4.612017291e+00 -1.267108787e-07
9.734641900e+01 4.622117612e+00 4.782824722e-07
9.734716800e+01 4.632111192e+00 2.024760537e-07
9.734792500e+01 4.642211513e+00 -2.681205744e-07
9.734867200e+01 4.652178408e+00 -9.939482759e-07
9.734942700e+01 4.662252044e+00 -3.648167208e-07
9.735011500e+01 4.671431728e+00 8.788405269e-08
9.735088700e+01 4.681732187e+00 -3.503194054e-07
9.735161500e+01 4.691445573e+00 8.889803718e-07
9.735238600e+01 4.701732690e+00 -8.986884276e-07
9.735314000e+01 4.711792983e+00 -6.113160612e-07
9.735387800e+01 4.721639795e+00 4.099584609e-07
9.735463700e+01 4.731766801e+00 5.709869692e-08
9.735540900e+01 4.742067260e+00 5.445033113e-07
9.735617600e+01 4.752301007e+00 3.907906279e-07
9.735691600e+01 4.762174504e+00 -6.279465342e-07
9.735763700e+01 4.771794493e+00 -1.296051244e-06
9.735840000e+01 4.781974869e+00 1.842671521e-07
9.735917300e+01 4.792288671e+00 -5.843454412e-07
9.735988300e+01 4.801761891e+00 -3.070973272e-07
9.736069400e+01 4.812582710e+00 1.873706354e-07
9.736140600e+01 4.822082616e+00 -4.094409138e-07
9.736219800e+01 4.832649926e+00 1.239756154e-07
9.736295500e+01 4.842750247e+00 9.745237683e-07
9.736367000e+01 4.852290180e+00 -6.864155614e-07
9.736446300e+01 4.862870833e+00 -1.413989609e-06
9.736517600e+01 4.872384081e+00 -6.128890925e-07
9.736594300e+01 4.882617828e+00 -5.556122826e-07
9.736671700e+01 4.892944972e+00 -4.032555365e-07
9.736745900e+01 4.902845154e+00 2.075291843e-07
9.736818800e+01 4.912571883e+00 3.873159259e-07
9.736897500e+01 4.923072481e+00 7.270588998e-07
9.736971700e+01 4.932972663e+00 -1.204679296e-07
9.737046900e+01 4.943006271e+00 -2.050505956e-06
9.737119800e+01 4.952733000e+00 4.600183975e-07
9.737198900e+01 4.963286968e+00 1.704948823e-07
9.737272000e+01 4.973040382e+00 -3.980069014e-07
9.737344400e+01 4.982700399e+00 -1.347127684e-07
9.737410600e+01 4.991533176e+00 6.833282701e-07
9.737458100e+01 4.997870894e+00 4.188221294e-07
9.737472300e+01 4.999765538e+00 -4.901326812e-07
9.738704100e+01 5.164119239e+00 1.481300716e-06
9.741237600e+01 5.502153093e+00 -1.024908746e-06
9.743527300e+01 5.807657776e+00 -6.566970843e-08
9.745775800e+01 6.107665324e+00 -6.278002057e-07
9.748076200e+01 6.414597661e+00 7.429805192e-07
9.750225700e+01 6.701396070e+00 -5.550407619e-07
9.752646700e+01 7.024419540e+00 6.008271869e-07
9.757129100e+01 7.622486620e+00 -1.497637332e-06
9.759655300e+01 7.959546467e+00 6.428636444e-07
9.761926400e+01 8.262569434e+00 9.144721144e-07
9.764168400e+01 8.561709715e+00 1.514594046e-06
9.766769800e+01 8.908803169e+00 -2.902455624e-07
9.769070500e+01 9.215775535e+00 -4.661246135e-07
9.771273000e+01 9.509645503e+00 4.295005111e-07
9.773540300e+01 9.812161452e+00 7.528864783e-07
9.774989100e+01 1.000546852e+01 -3.502390447e-07
9.774966800e+01 1.000249312e+01 -5.889583869e-07
