2.336799580e+02 -5.603876800e-04 6.287997876e-05 3.288617095e-05 7.096049583e-05 4.818771288e-01 5.724869660e+01
2.336799720e+02 -3.735917868e-04 4.969931885e-05 7.929478878e-05 9.358250809e-05 1.010927713e+00 5.745019780e+01
2.336800300e+02 4.002769140e-04 7.070311263e-05 1.830322609e-05 7.303381559e-05 2.533134454e-01 5.759980220e+01
2.336803770e+02 5.030146555e-03 6.451773213e-05 2.889504043e-05 7.069272325e-05 4.210745403e-01 5.780026070e+01
2.336814790e+02 1.973365187e-02 3.328378595e-05 2.676458218e-05 4.271010731e-05 6.772558338e-01 5.795281430e+01
2.336824050e+02 3.208886596e-02 6.268831720e-05 -1.563057391e-05 6.460758434e-05 -2.443554214e-01 5.815330710e+01
2.336826050e+02 3.475737872e-02 7.929453961e-05 3.238883820e-05 8.565431018e-05 3.877801979e-01 5.830387390e+01
2.336833500e+02 4.469758876e-02 4.759400467e-05 -3.081495220e-05 5.669877036e-05 -5.745836791e-01 5.845347390e+01
2.336837020e+02 4.939417122e-02 6.085741929e-05 -6.423025961e-06 6.119543076e-05 -1.051529155e-01 5.860412530e+01
2.336841050e+02 5.477122443e-02 2.843959447e-05 5.371415489e-05 6.077845810e-05 1.083857995e+00 5.875566580e+01
2.336846020e+02 6.140247864e-02 9.300041719e-05 2.745140906e-05 9.696730096e-05 2.870244397e-01 5.890626320e+01
2.336851390e+02 6.856743541e-02 6.994962112e-05 1.256092756e-06 6.996089811e-05 1.795517616e-02 5.910577060e+01
2.336856140e+02 7.490515322e-02 2.358723697e-05 1.438460808e-05 2.762742654e-05 5.476285716e-01 5.925832010e+01
2.336861650e+02 8.225690588e-02 5.843554030e-05 2.070943169e-06 5.847222568e-05 3.542496212e-02 5.945882550e+01
2.336866940e+02 8.931512213e-02 7.867377517e-05 2.177550918e-05 8.163170768e-05 2.700224535e-01 5.960841550e+01
2.336872110e+02 9.621322762e-02 1.023340356e-04 -1.021496052e-05 1.028425994e-04 -9.949020983e-02 5.980888450e+01
2.336877710e+02 1.036850634e-01 4.301439133e-05 -4.767796678e-05 6.421391109e-05 -8.367748346e-01 5.996044370e+01
2.336882560e+02 1.101562068e-01 2.063722718e-05 2.807572486e-06 2.082732842e-05 1.352139731e-01 6.016094900e+01
2.336888170e+02 1.176413851e-01 8.419441384e-05 4.535799579e-05 9.563496800e-05 4.941489054e-01 6.031150990e+01
2.336893120e+02 1.242459542e-01 8.709248497e-05 3.266149229e-05 9.301545042e-05 3.587888947e-01 6.051300720e+01
2.336898580e+02 1.315309940e-01 5.199018252e-05 -8.395460574e-06 5.266367664e-05 -1.600995961e-01 6.066357690e+01
2.336903760e+02 1.384424421e-01 7.227418756e-05 -1.045037010e-05 7.302580655e-05 -1.435981660e-01 6.086407940e+01
2.336909060e+02 1.455140009e-01 5.572484208e-05 3.834837225e-05 6.764507136e-05 6.027446931e-01 6.101462970e+01
2.336914530e+02 1.528123833e-01 4.633827516e-05 3.485536401e-05 5.798389557e-05 6.449036731e-01 6.121612600e+01
2.336919700e+02 1.597104888e-01 6.537678207e-05 1.804048097e-05 6.782022255e-05 2.692457633e-01 6.136568720e+01
2.336924970e+02 1.667420199e-01 1.461685452e-04 2.768985725e-05 1.487681814e-04 1.872193424e-01 6.156718420e+01
2.336930450e+02 1.740537449e-01 4.881479521e-05 2.012768593e-05 5.280159062e-05 3.910882145e-01 6.171774540e+01
2.336935310e+02 1.805382309e-01 4.710075523e-05 2.308668608e-05 5.245451570e-05 4.557408991e-01 6.191825910e+01
2.336940920e+02 1.880234092e-01 1.217380308e-04 1.027637046e-05 1.221709946e-04 8.421415628e-02 6.206780950e+01
2.336945790e+02 1.945212378e-01 6.869115439e-05 1.084267818e-05 6.954163042e-05 1.565550955e-01 6.227031100e+01
2.336951430e+02 2.020464437e-01 9.060559334e-05 3.260787191e-05 9.629458373e-05 3.454564869e-01 6.242186150e+01
2.336956420e+02 2.087043831e-01 1.109516381e-04 5.828934691e-05 1.253312171e-04 4.837277214e-01 6.262136430e+01
2.336961960e+02 2.160961634e-01 1.230989038e-04 -2.136675259e-05 1.249394983e-04 -1.718615753e-01 6.277292210e+01
2.336966850e+02 2.226206771e-01 1.559870057e-04 -7.610156964e-07 1.559888621e-04 -4.878673421e-03 6.297242850e+01
2.336972440e+02 2.300791703e-01 7.379097567e-05 1.877282825e-05 7.614149441e-05 2.491206757e-01 6.312398370e+01
2.336977230e+02 2.364702584e-01 1.268144167e-04 1.767040384e-05 1.280396011e-04 1.384492124e-01 6.327358560e+01
2.336981260e+02 2.418473116e-01 9.646686801e-05 4.463968943e-05 1.062946776e-04 4.334030753e-01 6.342521960e+01
2.336985760e+02 2.478514653e-01 9.068545833e-05 4.329602257e-05 1.004907853e-04 4.454297069e-01 6.357577550e+01
2.336990940e+02 2.547629133e-01 1.407564424e-04 7.384190926e-05 1.589496890e-04 4.831393929e-01 6.372537650e+01
2.336994960e+02 2.601266240e-01 1.149271757e-04 5.902965486e-05 1.292004484e-04 4.744893698e-01 6.387701100e+01
2.336999810e+02 2.665977674e-01 1.407179268e-04 7.653666210e-05 1.601855036e-04 4.981488461e-01 6.402656930e+01
2.337003820e+02 2.719481355e-01 1.810062107e-04 3.844167355e-05 1.850432668e-04 2.092683256e-01 6.417817450e+01
2.337008530e+02 2.782324831e-01 1.351494004e-04 4.660844120e-05 1.429605093e-04 3.320938522e-01 6.432976430e+01
2.337013560e+02 2.849437927e-01 1.036513143e-04 6.099331045e-05 1.202654517e-04 5.318813748e-01 6.453022750e+01
2.337018930e+02 2.921087494e-01 1.768874397e-04 7.007349350e-05 1.902615589e-04 3.771807360e-01 6.467883490e+01
2.337024140e+02 2.990602252e-01 1.720086629e-04 7.773806937e-05 1.887596025e-04 4.244683496e-01 6.488033620e+01
2.337029770e+02 3.065720886e-01 1.666645311e-04 1.053623187e-04 1.971757696e-04 5.637472462e-01 6.503088480e+01
2.337034570e+02 3.129765192e-01 2.101648524e-04 9.381388548e-05 2.301527977e-04 4.198414351e-01 6.523239750e+01
2.337040380e+02 3.207285488e-01 3.100247149e-04 2.137881987e-04 3.765909157e-04 6.037013527e-01 6.538294310e+01
2.337045310e+02 3.273064328e-01 4.100457381e-04 2.358429388e-04 4.730321333e-04 5.219564070e-01 6.558445490e+01
2.337051050e+02 3.349650644e-01 4.469868463e-04 2.419655032e-04 5.082760525e-04 4.961591577e-01 6.573501540e+01
2.337055870e+02 3.413961802e-01 4.794940122e-04 3.057809566e-04 5.686971964e-04 5.676911231e-01 6.593551090e+01
2.337061030e+02 3.482809431e-01 4.778177991e-04 3.095096182e-04 5.693031292e-04 5.747964991e-01 6.608506820e+01
2.337065930e+02 3.548187993e-01 5.049280498e-04 2.633374918e-04 5.694725368e-04 4.807265666e-01 6.623666090e+01
2.337070270e+02 3.606094720e-01 4.670067872e-04 3.012988875e-04 5.557664607e-04 5.729724722e-01 6.638830310e+01
2.337075250e+02 3.672540688e-01 3.877304294e-04 2.671127641e-04 4.708334256e-04 6.032466078e-01 6.658876510e+01
2.337080740e+02 3.745791363e-01 4.003842680e-04 2.241277479e-04 4.588472616e-04 5.103220491e-01 6.673931870e+01
2.337085800e+02 3.813304736e-01 3.510405879e-04 1.386960914e-04 3.774468176e-04 3.762750045e-01 6.693981910e+01
2.337091220e+02 3.885621432e-01 2.304042280e-04 1.537405349e-04 2.769878343e-04 5.884162924e-01 6.709038160e+01
2.337096390e+02 3.954602487e-01 1.891296212e-04 1.276779330e-04 2.281921738e-04 5.938057438e-01 6.729187760e+01
2.337101840e+02 4.027319460e-01 1.977043751e-04 9.483210282e-05 2.192718579e-04 4.472486315e-01 6.744243610e+01
2.337106970e+02 4.095766812e-01 1.579039125e-04 1.062040519e-04 1.902969948e-04 5.920898127e-01 6.764194770e+01
2.337112450e+02 4.168884062e-01 1.019249800e-04 9.454530394e-05 1.390234370e-04 7.478545293e-01 6.779250840e+01
2.337117420e+02 4.235196604e-01 1.113124409e-04 7.954739137e-05 1.368146446e-04 6.204785025e-01 6.799500820e+01
2.337123050e+02 4.310315238e-01 1.312346279e-04 8.178014909e-05 1.546302698e-04 5.572749562e-01 6.814458090e+01
2.337127950e+02 4.375693801e-01 7.576048634e-05 1.012534867e-05 7.643411527e-05 1.328621317e-01 6.834605620e+01
2.337133450e+02 4.449077902e-01 9.160116305e-05 3.840181791e-05 9.932508591e-05 3.969719940e-01 6.849661540e+01
2.337138610e+02 4.517925531e-01 1.019323301e-04 3.379379251e-05 1.073881759e-04 3.201281545e-01 6.869612360e+01
2.337143690e+02 4.585705755e-01 7.900229632e-05 -9.201677859e-06 7.953636715e-05 -1.159510986e-01 6.884667900e+01
2.337148830e+02 4.654286533e-01 6.358401426e-05 -9.636486934e-06 6.431009835e-05 -1.504105612e-01 6.899727610e+01
2.337152880e+02 4.708323917e-01 5.884195774e-05 5.941140494e-05 8.361872414e-05 7.902136104e-01 6.914993170e+01
2.337157300e+02 4.767298049e-01 8.838894130e-05 6.232763031e-05 1.081542345e-04 6.141752563e-01 6.929847510e+01
2.337162300e+02 4.834010868e-01 4.090252981e-05 2.511623478e-05 4.799835616e-05 5.506870255e-01 6.944906690e+01
2.337166310e+02 4.887514548e-01 8.004610144e-05 6.706121341e-05 1.044250195e-04 6.973582048e-01 6.959970000e+01
2.337171450e+02 4.956095326e-01 7.015469978e-05 2.008358307e-05 7.297281830e-05 2.788185895e-01 6.975126120e+01
2.337175270e+02 5.007063920e-01 9.158114697e-05 2.073960771e-06 9.160462758e-05 2.264228398e-02 6.990186060e+01
2.337180060e+02 5.070974801e-01 4.339614080e-05 2.564903247e-05 5.040930373e-05 5.338082449e-01 7.005146510e+01
2.337184960e+02 5.136353363e-01 6.455307458e-05 6.459393469e-05 9.132073059e-05 7.857145479e-01 7.020305730e+01
2.337189000e+02 5.190257321e-01 7.229086902e-05 1.705909086e-05 7.427639144e-05 2.317390489e-01 7.035369280e+01
2.337194100e+02 5.258304397e-01 5.572368932e-05 5.608895365e-05 7.906389994e-05 7.886649052e-01 7.050325060e+01
2.337197960e+02 5.309806693e-01 9.251105052e-05 4.733075042e-05 1.039158044e-04 4.729024510e-01 7.065484550e+01
2.337202640e+02 5.372249892e-01 1.395152593e-04 1.933599168e-05 1.408488131e-04 1.377168012e-01 7.080644760e+01
2.337207650e+02 5.439096136e-01 7.465343407e-05 1.577359420e-05 7.630164803e-05 2.082282860e-01 7.095706450e+01
2.337211570e+02 5.491398986e-01 9.689737943e-05 3.356789924e-05 1.025470916e-04 3.334884902e-01 7.110664460e+01
2.337216670e+02 5.559446062e-01 9.927830526e-05 2.863097264e-05 1.033243170e-04 2.807726306e-01 7.125823180e+01
2.337220620e+02 5.612149189e-01 4.564256539e-05 -8.714690567e-06 4.646708090e-05 -1.886626783e-01 7.140885280e+01
2.337225210e+02 5.673391557e-01 9.556271675e-05 1.897035569e-05 9.742744596e-05 1.959644794e-01 7.155843090e+01
2.337230120e+02 5.738903545e-01 6.448137021e-05 -2.220024957e-05 6.819602763e-05 -3.315783573e-01 7.170902270e+01
2.337234180e+02 5.793074354e-01 3.913254111e-05 -1.428354122e-05 4.165783628e-05 -3.499785472e-01 7.186063030e+01
2.337239160e+02 5.859520322e-01 6.321890542e-05 3.838451983e-05 7.395945758e-05 5.456736965e-01 7.201121650e+01
2.337243190e+02 5.913290854e-01 3.290990770e-05 2.050604735e-05 3.877576566e-05 5.572293143e-01 7.216182010e+01
2.337247720e+02 5.973732668e-01 7.672180093e-05 6.655237582e-05 1.015650209e-04 7.145382292e-01 7.231241380e+01
2.337252820e+02 6.041779744e-01 6.612017367e-05 4.758216722e-05 8.146127917e-05 6.237803952e-01 7.246300570e+01
2.337256840e+02 6.095416850e-01 1.152264917e-04 1.231636310e-05 1.158828598e-04 1.064839917e-01 7.261361050e+01
2.337261820e+02 6.161862818e-01 5.959381676e-05 3.384349049e-05 6.853323897e-05 5.164841260e-01 7.276320480e+01
2.337265770e+02 6.214565945e-01 7.491642355e-05 -3.385141514e-05 8.220942054e-05 -4.243960794e-01 7.291380510e+01
2.337270300e+02 6.275007759e-01 3.263299798e-05 -3.384955151e-06 3.280808557e-05 -1.033583489e-01 7.306539730e+01
2.337275540e+02 6.344922793e-01 6.022874640e-05 3.346569103e-05 6.890177334e-05 5.071654457e-01 7.321599200e+01
2.337279390e+02 6.396291664e-01 3.634658837e-05 -5.659493995e-06 3.678456685e-05 -1.544686740e-01 7.336659930e+01
2.337284400e+02 6.463137909e-01 2.778941110e-05 1.553860550e-05 3.183864994e-05 5.098452950e-01 7.351619090e+01
2.337288350e+02 6.515841036e-01 1.262906370e-04 8.128928803e-05 1.501907898e-04 5.719112747e-01 7.366779830e+01
2.337292990e+02 6.577750532e-01 9.370813973e-05 1.028567244e-05 9.427094201e-05 1.093252054e-01 7.381938190e+01
2.337298010e+02 6.644730202e-01 1.157596592e-04 3.082643602e-05 1.197938557e-04 2.602571230e-01 7.396897970e+01
2.337301890e+02 6.696499350e-01 8.683826911e-05 3.934958151e-05 9.533768691e-05 4.254591036e-01 7.411858270e+01
2.337307010e+02 6.764813276e-01 1.262644915e-04 -1.195957519e-05 1.268296229e-04 -9.443669326e-02 7.427117740e+01
2.337310980e+02 6.817783255e-01 5.105202410e-05 3.176727222e-05 6.012876806e-05 5.566214639e-01 7.441977590e+01
2.337315510e+02 6.878225069e-01 4.939018155e-05 2.733007756e-05 5.644752583e-05 5.054118684e-01 7.457237710e+01
2.337320690e+02 6.947339549e-01 9.595447966e-05 1.784083411e-05 9.759896275e-05 1.838310189e-01 7.477288600e+01
2.337325980e+02 7.017921712e-01 4.000639087e-05 9.655377867e-07 4.001804060e-05 2.412990432e-02 7.492344510e+01
2.337331150e+02 7.086902767e-01 6.264051109e-05 4.031947578e-05 7.449492437e-05 5.719085694e-01 7.507302790e+01
2.337335010e+02 7.138405063e-01 1.030222656e-04 3.981399142e-05 1.104479113e-04 3.687798034e-01 7.522466400e+01
2.337340220e+02 7.207919820e-01 1.033828804e-04 -3.516783412e-06 1.034426785e-04 -3.400396509e-02 7.537521980e+01
2.337344090e+02 7.259555542e-01 7.997723275e-05 2.357624367e-05 8.337983583e-05 2.866673349e-01 7.552581860e+01
2.337348860e+02 7.323199572e-01 1.114006430e-04 9.291578504e-06 1.117874622e-04 8.321425697e-02 7.567642220e+01
2.337353730e+02 7.388177857e-01 1.146821568e-04 2.588561043e-05 1.175672654e-04 2.219959425e-01 7.587793300e+01
2.337359320e+02 7.462762789e-01 6.052767212e-05 5.585227363e-05 8.235942910e-05 7.452461796e-01 7.602647690e+01
2.337364300e+02 7.529208757e-01 1.434754141e-04 4.498015671e-05 1.503609289e-04 3.037995400e-01 7.617907800e+01
2.337368190e+02 7.581111330e-01 8.706729105e-05 2.726572146e-05 9.123668526e-05 3.034831977e-01 7.632867940e+01
2.337373230e+02 7.648357852e-01 1.274082953e-04 4.824291880e-05 1.362360192e-04 3.619652299e-01 7.647926470e+01
2.337377090e+02 7.699860148e-01 9.036727603e-05 1.405459253e-05 9.145368307e-05 1.542913399e-01 7.662987350e+01
2.337381830e+02 7.763103900e-01 1.119455766e-04 -1.650755775e-05 1.131561380e-04 -1.464054702e-01 7.678046490e+01
2.337386950e+02 7.831417827e-01 6.443903132e-05 3.868196858e-05 7.515772382e-05 5.406311393e-01 7.693209760e+01
2.337390810e+02 7.882920123e-01 9.334173403e-05 8.368628172e-07 9.334548544e-05 8.965340146e-03 7.708265520e+01
2.337395850e+02 7.950166645e-01 9.521072662e-05 6.109053956e-05 1.131244292e-04 5.704722708e-01 7.728216530e+01
2.337401380e+02 8.023951023e-01 9.366049632e-05 2.469326196e-05 9.686096095e-05 2.577806190e-01 7.743371760e+01
2.337406580e+02 8.093332355e-01 6.221368191e-05 1.851689705e-05 6.491084418e-05 2.892845943e-01 7.763322240e+01
2.337411880e+02 8.164047943e-01 1.217070298e-04 5.218688502e-05 1.324238350e-04 4.050773132e-01 7.778577660e+01
2.337417000e+02 8.232361869e-01 9.101173760e-05 1.831286668e-05 9.283586304e-05 1.985629210e-01 7.798428400e+01
2.337422340e+02 8.303611160e-01 7.563898673e-05 -1.554125085e-07 7.563914639e-05 -2.054658537e-03 7.813585130e+01
2.337427450e+02 8.371791661e-01 7.280968343e-05 5.713976361e-05 9.255378213e-05 6.653928416e-01 7.828743500e+01
2.337431560e+02 8.426629599e-01 9.173195803e-05 -3.343522262e-07 9.173256736e-05 -3.644866552e-03 7.843702960e+01
2.337435920e+02 8.484803177e-01 5.847935677e-05 2.743399090e-05 6.459457427e-05 4.386420365e-01 7.858875930e+01
2.337441190e+02 8.555118488e-01 -6.530304535e-06 6.266702048e-06 9.050769684e-06 -7.648023145e-01 7.878913720e+01
2.337446580e+02 8.627034907e-01 9.426005710e-05 4.166255665e-05 1.030569114e-04 4.161777930e-01 7.893869190e+01
2.337451630e+02 8.694414854e-01 6.086742013e-05 4.416797927e-05 7.520407719e-05 6.277291204e-01 7.914019570e+01
2.337457150e+02 8.768065806e-01 5.509582216e-05 -9.921930711e-07 5.510475539e-05 -1.800655286e-02 7.929076640e+01
2.337462230e+02 8.835846031e-01 6.262997470e-05 5.827806722e-05 8.555025920e-05 7.494201629e-01 7.944135190e+01
2.337466280e+02 8.889883414e-01 8.864303108e-05 4.014324026e-05 9.730912957e-05 4.252331012e-01 7.959195480e+01
2.337471200e+02 8.955528828e-01 1.071817028e-04 1.343463802e-05 1.080204004e-04 1.246941900e-01 7.979445080e+01
2.337476780e+02 9.029980334e-01 5.143000427e-05 1.442740987e-05 5.341531143e-05 2.734956119e-01 7.994499830e+01
2.337481680e+02 9.095358897e-01 1.106232821e-04 4.405457364e-05 1.190727341e-04 3.789878861e-01 8.009459620e+01
2.337485580e+02 9.147394895e-01 7.806025873e-05 7.022408421e-06 7.837549498e-05 8.971986212e-02 8.024523460e+01
2.337490090e+02 9.207569858e-01 5.732638843e-05 6.074434087e-06 5.764732049e-05 1.055683361e-01 8.039579230e+01
2.337495090e+02 9.274282677e-01 1.053351993e-04 4.666917149e-05 1.152107451e-04 4.170625593e-01 8.054539210e+01
2.337499060e+02 9.327252656e-01 8.004825086e-05 -1.138887496e-05 8.085436871e-05 -1.413266314e-01 8.069807040e+01
2.337504240e+02 9.396367136e-01 1.176754565e-04 1.873740895e-05 1.191578933e-04 1.579039447e-01 8.089850630e+01
2.337509740e+02 9.469751237e-01 8.082872907e-05 5.692083436e-05 9.885982414e-05 6.135494810e-01 8.104905790e+01
2.337514700e+02 9.535930354e-01 1.104738393e-04 -5.653712159e-06 1.106184146e-04 -5.113232324e-02 8.119864590e+01
2.337518710e+02 9.589434034e-01 1.043993308e-04 -2.639036050e-05 1.076831992e-04 -2.475960973e-01 8.135024560e+01
2.337523270e+02 9.650276125e-01 4.013906929e-05 -7.064884802e-06 4.075607293e-05 -1.742256604e-01 8.149984210e+01
2.337528200e+02 9.716054965e-01 9.001862952e-05 -7.880112266e-06 9.036287860e-05 -8.731610182e-02 8.165045240e+01
2.337532220e+02 9.769692071e-01 2.564773561e-05 2.747121319e-05 3.758289366e-05 8.197128827e-01 8.180106260e+01
2.337537330e+02 9.837872572e-01 9.156979884e-05 5.215858525e-05 1.053828547e-04 5.177700945e-01 8.195262920e+01
2.337541190e+02 9.889374869e-01 1.116983103e-04 6.431392752e-05 1.288906273e-04 5.224221179e-01 8.210223280e+01
2.337545680e+02 9.949282980e-01 8.986112402e-05 2.412977191e-05 9.304443832e-05 2.623346112e-01 8.225386830e+01
