2.336799580e+02 -5.603876800e-04 6.287997876e-05
2.336799720e+02 -3.735917868e-04 4.969931885e-05
2.336800300e+02 4.002769140e-04 7.070311263e-05
2.336803770e+02 5.030146555e-03 6.451773213e-05
2.336814790e+02 1.973365187e-02 3.328378595e-05
2.336824050e+02 3.208886596e-02 6.268831720e-05
2.336826050e+02 3.475737872e-02 7.929453961e-05
2.336833500e+02 4.469758876e-02 4.759400467e-05
2.336837020e+02 4.939417122e-02 6.085741929e-05
2.336841050e+02 5.477122443e-02 2.843959447e-05
2.336846020e+02 6.140247864e-02 9.300041719e-05
2.336851390e+02 6.856743541e-02 6.994962112e-05
2.336856140e+02 7.490515322e-02 2.358723697e-05
2.336861650e+02 8.225690588e-02 5.843554030e-05
2.336866940e+02 8.931512213e-02 7.867377517e-05
2.336872110e+02 9.621322762e-02 1.023340356e-04
2.336877710e+02 1.036850634e-01 4.301439133e-05
2.336882560e+02 1.101562068e-01 2.063722718e-05
2.336888170e+02 1.176413851e-01 8.419441384e-05
2.336893120e+02 1.242459542e-01 8.709248497e-05
2.336898580e+02 1.315309940e-01 5.199018252e-05
2.336903760e+02 1.384424421e-01 7.227418756e-05
2.336909060e+02 1.455140009e-01 5.572484208e-05
2.336914530e+02 1.528123833e-01 4.633827516e-05
2.336919700e+02 1.597104888e-01 6.537678207e-05
2.336924970e+02 1.667420199e-01 1.461685452e-04
2.336930450e+02 1.740537449e-01 4.881479521e-05
2.336935310e+02 1.805382309e-01 4.710075523e-05
2.336940920e+02 1.880234092e-01 1.217380308e-04
2.336945790e+02 1.945212378e-01 6.869115439e-05
2.336951430e+02 2.020464437e-01 9.060559334e-05
2.336956420e+02 2.087043831e-01 1.109516381e-04
2.336961960e+02 2.160961634e-01 1.230989038e-04
2.336966850e+02 2.226206771e-01 1.559870057e-04
2.336972440e+02 2.300791703e-01 7.379097567e-05
2.336977230e+02 2.364702584e-01 1.268144167e-04
2.336981260e+02 2.418473116e-01 9.646686801e-05
2.336985760e+02 2.478514653e-01 9.068545833e-05
2.336990940e+02 2.547629133e-01 1.407564424e-04
2.336994960e+02 2.601266240e-01 1.149271757e-04
2.336999810e+02 2.665977674e-01 1.407179268e-04
2.337003820e+02 2.719481355e-01 1.810062107e-04
2.337008530e+02 2.782324831e-01 1.351494004e-04
2.337013560e+02 2.849437927e-01 1.036513143e-04
2.337018930e+02 2.921087494e-01 1.768874397e-04
2.337024140e+02 2.990602252e-01 1.720086629e-04
2.337029770e+02 3.065720886e-01 1.666645311e-04
2.337034570e+02 3.129765192e-01 2.101648524e-04
2.337040380e+02 3.207285488e-01 3.100247149e-04
2.337045310e+02 3.273064328e-01 4.100457381e-04
2.337051050e+02 3.349650644e-01 4.469868463e-04
2.337055870e+02 3.413961802e-01 4.794940122e-04
2.337061030e+02 3.482809431e-01 4.778177991e-04
2.337065930e+02 3.548187993e-01 5.049280498e-04
2.337070270e+02 3.606094720e-01 4.670067872e-04
2.337075250e+02 3.672540688e-01 3.877304294e-04
2.337080740e+02 3.745791363e-01 4.003842680e-04
2.337085800e+02 3.813304736e-01 3.510405879e-04
2.337091220e+02 3.885621432e-01 2.304042280e-04
2.337096390e+02 3.954602487e-01 1.891296212e-04
2.337101840e+02 4.027319460e-01 1.977043751e-04
2.337106970e+02 4.095766812e-01 1.579039125e-04
2.337112450e+02 4.168884062e-01 1.019249800e-04
2.337117420e+02 4.235196604e-01 1.113124409e-04
2.337123050e+02 4.310315238e-01 1.312346279e-04
2.337127950e+02 4.375693801e-01 7.576048634e-05
2.337133450e+02 4.449077902e-01 9.160116305e-05
2.337138610e+02 4.517925531e-01 1.019323301e-04
2.337143690e+02 4.585705755e-01 7.900229632e-05
2.337148830e+02 4.654286533e-01 6.358401426e-05
2.337152880e+02 4.708323917e-01 5.884195774e-05
2.337157300e+02 4.767298049e-01 8.838894130e-05
2.337162300e+02 4.834010868e-01 4.090252981e-05
2.337166310e+02 4.887514548e-01 8.004610144e-05
2.337171450e+02 4.956095326e-01 7.015469978e-05
2.337175270e+02 5.007063920e-01 9.158114697e-05
2.337180060e+02 5.070974801e-01 4.339614080e-05
2.337184960e+02 5.136353363e-01 6.455307458e-05
2.337189000e+02 5.190257321e-01 7.229086902e-05
2.337194100e+02 5.258304397e-01 5.572368932e-05
2.337197960e+02 5.309806693e-01 9.251105052e-05
2.337202640e+02 5.372249892e-01 1.395152593e-04
2.337207650e+02 5.439096136e-01 7.465343407e-05
2.337211570e+02 5.491398986e-01 9.689737943e-05
2.337216670e+02 5.559446062e-01 9.927830526e-05
2.337220620e+02 5.612149189e-01 4.564256539e-05
2.337225210e+02 5.673391557e-01 9.556271675e-05
2.337230120e+02 5.738903545e-01 6.448137021e-05
2.337234180e+02 5.793074354e-01 3.913254111e-05
2.337239160e+02 5.859520322e-01 6.321890542e-05
2.337243190e+02 5.913290854e-01 3.290990770e-05
2.337247720e+02 5.973732668e-01 7.672180093e-05
2.337252820e+02 6.041779744e-01 6.612017367e-05
2.337256840e+02 6.095416850e-01 1.152264917e-04
2.337261820e+02 6.161862818e-01 5.959381676e-05
2.337265770e+02 6.214565945e-01 7.491642355e-05
2.337270300e+02 6.275007759e-01 3.263299798e-05
2.337275540e+02 6.344922793e-01 6.022874640e-05
2.337279390e+02 6.396291664e-01 3.634658837e-05
2.337284400e+02 6.463137909e-01 2.778941110e-05
2.337288350e+02 6.515841036e-01 1.262906370e-04
2.337292990e+02 6.577750532e-01 9.370813973e-05
2.337298010e+02 6.644730202e-01 1.157596592e-04
2.337301890e+02 6.696499350e-01 8.683826911e-05
2.337307010e+02 6.764813276e-01 1.262644915e-04
2.337310980e+02 6.817783255e-01 5.105202410e-05
2.337315510e+02 6.878225069e-01 4.939018155e-05
2.337320690e+02 6.947339549e-01 9.595447966e-05
2.337325980e+02 7.017921712e-01 4.000639087e-05
2.337331150e+02 7.086902767e-01 6.264051109e-05
2.337335010e+02 7.138405063e-01 1.030222656e-04
2.337340220e+02 7.207919820e-01 1.033828804e-04
2.337344090e+02 7.259555542e-01 7.997723275e-05
2.337348860e+02 7.323199572e-01 1.114006430e-04
2.337353730e+02 7.388177857e-01 1.146821568e-04
2.337359320e+02 7.462762789e-01 6.052767212e-05
2.337364300e+02 7.529208757e-01 1.434754141e-04
2.337368190e+02 7.581111330e-01 8.706729105e-05
2.337373230e+02 7.648357852e-01 1.274082953e-04
2.337377090e+02 7.699860148e-01 9.036727603e-05
2.337381830e+02 7.763103900e-01 1.119455766e-04
2.337386950e+02 7.831417827e-01 6.443903132e-05
2.337390810e+02 7.882920123e-01 9.334173403e-05
2.337395850e+02 7.950166645e-01 9.521072662e-05
2.337401380e+02 8.023951023e-01 9.366049632e-05
2.337406580e+02 8.093332355e-01 6.221368191e-05
2.337411880e+02 8.164047943e-01 1.217070298e-04
2.337417000e+02 8.232361869e-01 9.101173760e-05
2.337422340e+02 8.303611160e-01 7.563898673e-05
2.337427450e+02 8.371791661e-01 7.280968343e-05
2.337431560e+02 8.426629599e-01 9.173195803e-05
2.337435920e+02 8.484803177e-01 5.847935677e-05
2.337441190e+02 8.555118488e-01 -6.530304535e-06
2.337446580e+02 8.627034907e-01 9.426005710e-05
2.337451630e+02 8.694414854e-01 6.086742013e-05
2.337457150e+02 8.768065806e-01 5.509582216e-05
2.337462230e+02 8.835846031e-01 6.262997470e-05
2.337466280e+02 8.889883414e-01 8.864303108e-05
2.337471200e+02 8.955528828e-01 1.071817028e-04
2.337476780e+02 9.029980334e-01 5.143000427e-05
2.337481680e+02 9.095358897e-01 1.106232821e-04
2.337485580e+02 9.147394895e-01 7.806025873e-05
2.337490090e+02 9.207569858e-01 5.732638843e-05
2.337495090e+02 9.274282677e-01 1.053351993e-04
2.337499060e+02 9.327252656e-01 8.004825086e-05
2.337504240e+02 9.396367136e-01 1.176754565e-04
2.337509740e+02 9.469751237e-01 8.082872907e-05
2.337514700e+02 9.535930354e-01 1.104738393e-04
2.337518710e+02 9.589434034e-01 1.043993308e-04
2.337523270e+02 9.650276125e-01 4.013906929e-05
2.337528200e+02 9.716054965e-01 9.001862952e-05
2.337532220e+02 9.769692071e-01 2.564773561e-05
2.337537330e+02 9.837872572e-01 9.156979884e-05
2.337541190e+02 9.889374869e-01 1.116983103e-04
2.337545680e+02 9.949282980e-01 8.986112402e-05
